x	y
17.0136	676.7989414
17.0304	676.7987288
17.046	676.7989525
17.0628	676.7999342
17.0784	676.8010379
17.0916	676.8019437
17.106	676.8027261
17.1204	676.8033993
17.1348	676.8040273
17.148	676.8046511
17.1612	676.8052828
17.1756	676.8057348
17.19	676.8061623
17.2044	676.8067537
17.2176	676.8072667
17.232	676.8078663
17.2464	676.8086931
17.262	676.8096402
17.2776	676.8105369
17.292	676.8115719
17.3052	676.812648
17.3184	676.8137602
17.3316	676.8147551
17.346	676.8155467
17.3604	676.8162569
17.3736	676.8168493
17.388	676.8174637
17.4012	676.8178476
17.4156	676.8174958
17.4288	676.817119
17.4432	676.8173017
17.4576	676.8177819
17.472	676.8183127
17.4876	676.8183025
17.5008	676.8185179
17.5152	676.8193444
17.5272	676.8201397
17.5416	676.8211602
17.556	676.8224924
17.5704	676.8238679
17.586	676.8251048
17.6004	676.8261539
17.6136	676.8270242
17.628	676.8278156
17.6412	676.8285119
17.6556	676.8293947
17.67	676.8302709
17.6856	676.8310807
17.6988	676.8312035
17.7132	676.8306337
17.7276	676.8300661
17.7408	676.8295994
17.7552	676.8292394
17.7696	676.8294825
17.784	676.8300993
17.7996	676.831392
17.8128	676.8323607
17.8272	676.8330849
17.8428	676.8340039
17.8572	676.8349679
17.8704	676.8357742
17.8836	676.8366578
17.8992	676.8378339
17.9136	676.8386902
17.928	676.839376
17.9424	676.8403076
17.9568	676.8412801
17.9712	676.8423376
17.9844	676.8431822
18	676.8440088
18.0144	676.8448815
18.0288	676.8456406
18.0432	676.846063
18.0576	676.8462118
18.072	676.8460852
18.0876	676.8458489
18.1008	676.8458873
18.1152	676.846371
18.1296	676.8470514
18.144	676.8478567
18.1596	676.8487656
18.1728	676.8495109
18.1872	676.8501732
18.2004	676.850967
18.216	676.8521271
18.2304	676.8530255
18.2448	676.8537608
18.2592	676.8544043
18.2736	676.8550431
18.288	676.8557408
18.3012	676.8566141
18.3144	676.8574987
18.3312	676.8582528
18.3444	676.858838
18.3588	676.8595399
18.3732	676.8602269
18.3864	676.8608265
18.402	676.8617139
18.4164	676.8624448
18.4308	676.8631002
18.4452	676.8639889
18.4572	676.8647662
18.4728	676.8656861
18.4872	676.8664756
18.5028	676.867344
18.5148	676.8680121
18.528	676.8687239
18.5424	676.8692905
18.5568	676.8698897
18.5724	676.8707739
18.5856	676.8714387
18.5988	676.8719992
18.612	676.8724649
18.6264	676.8728822
18.6408	676.8733425
18.6552	676.8738313
18.6708	676.8744367
18.6852	676.8751043
18.6984	676.875822
18.7128	676.8770311
18.7272	676.8781282
18.738	676.8787583
18.7536	676.8797695
18.768	676.8807345
18.786	676.8814233
18.8028	676.8821979
18.8184	676.8831684
18.8364	676.8845344
18.8532	676.8856541
18.87	676.8865584
18.8844	676.8873618
18.9012	676.8882031
18.918	676.8886484
18.9336	676.8881297
18.9492	676.8880381
18.9636	676.8883495
18.9792	676.8888212
18.996	676.8899718
19.0092	676.8908931
19.0236	676.891561
19.0368	676.8921384
19.0512	676.8928203
19.0656	676.8935395
19.08	676.894337
19.0956	676.8953504
19.1088	676.8963002
19.1244	676.897584
19.1388	676.8984697
19.152	676.8993376
19.1676	676.9035287
19.182	676.9341804
19.1964	677.0192175
19.2096	677.1654828
19.224	677.4149966
19.2396	677.7750554
19.2528	678.1327415
19.2672	678.5728456
19.2804	679.0158898
19.296	679.5859541
19.3104	680.1575849
19.3248	680.7769925
19.3392	681.4388896
19.3524	682.0715469
19.3656	682.7205639
19.38	683.4419801
19.3932	684.1196063
19.4088	684.9546206
19.4232	685.7669545
19.4376	686.6133728
19.452	687.4747956
19.4652	688.2527308
19.4808	689.1455168
19.4952	689.9451888
19.5096	690.7242883
19.524	691.4870306
19.5384	692.2370431
19.5528	692.9773735
19.5672	693.7058313
19.5816	694.4207132
19.596	695.1293187
19.6092	695.786545
19.6248	696.5781663
19.638	697.2574454
19.6536	698.0667018
19.668	698.8213936
19.6824	699.5903143
19.698	700.4288558
19.7124	701.2013491
19.7268	701.9798846
19.7412	702.7688864
19.752	703.3695156
19.7676	704.2542767
19.782	705.0894991
19.7976	706.0119691
19.8108	706.8041296
19.824	707.6038455
19.8396	708.5528708
19.8528	709.356765
19.8672	710.2368793
19.8816	711.1231733
19.896	712.0166662
19.9116	712.9904892
19.926	713.8874633
19.9416	714.8488861
19.9548	715.6553816
19.968	716.4638049
19.9836	717.4262881
19.9968	718.2448789
20.0124	719.2146888
20.0268	720.1063412
20.04	720.9185142
20.0532	721.7309523
20.0664	722.5483405
20.0796	723.3647762
20.094	724.2500402
20.1072	725.0638259
20.1204	725.880763
20.1348	726.7695149
20.1492	727.6580486
20.1624	728.4796342
20.1792	729.5359322
20.1936	730.4507099
20.2068	731.2978344
20.22	732.1522486
20.2332	733.0139267
20.2476	733.9568011
20.262	734.8989916
20.2764	735.8447115
20.2908	736.7956983
20.3052	737.7483386
20.3208	738.7845449
20.334	739.6674139
20.3496	740.7201307
20.364	741.6992318
20.3784	742.6793382
20.394	743.7359188
20.4072	744.6234812
20.4216	745.5853108
20.4372	746.6262605
20.4504	747.5100572
20.4648	748.4688447
20.4792	749.4161449
20.4936	750.3601902
20.508	751.3027049
20.5212	752.1627352
20.538	753.2567254
20.5512	754.1178241
20.5656	755.0567672
20.58	755.9958623
20.5944	756.9354113
20.61	757.9557095
20.6232	758.823518
20.6388	759.8559372
20.6532	760.8107863
20.6676	761.7610038
20.6832	762.7878107
20.6976	763.7380743
20.712	764.6927812
20.7276	765.7321547
20.7408	766.6146959
20.7552	767.5786546
20.7684	768.4616115
20.7816	769.3416962
20.796	770.2993633
20.8092	771.1783317
20.8236	772.1377952
20.8368	773.0161803
20.8512	773.9749883
20.8656	774.9327194
20.8788	775.804687
20.8932	776.7489034
20.9076	777.6896446
20.922	778.6327626
20.9364	779.5807579
20.9508	780.5299328
20.9652	781.4755575
20.9796	782.4162584
20.994	783.3551119
21.0084	784.2953088
21.024	785.3144865
21.0396	786.3325739
21.054	787.2714239
21.0696	788.2916482
21.0828	789.158884
21.0972	790.1080483
21.1128	791.137452
21.1272	792.0712085
21.1428	793.0365689
21.1572	793.8655174
21.1716	794.6075606
21.186	795.2228251
21.2004	795.6925368
21.216	796.0415869
21.2316	796.2402795
21.2436	796.3010524
21.2592	796.2815416
21.2724	796.2057382
21.288	796.064419
21.3036	795.8890728
21.3168	795.7260612
21.3312	795.5386598
21.3444	795.3465841
21.36	795.0541456
21.3756	794.6683304
21.39	794.2313914
21.4044	793.7436417
21.4176	793.2730583
21.432	792.7556393
21.4476	792.2033135
21.462	791.7033963
21.4764	791.215561
21.4896	790.7855669
21.504	790.3598728
21.5184	789.9902295
21.5316	789.7006515
21.546	789.4321018
21.5604	789.198059
21.5748	788.9843242
21.5892	788.7805451
21.6024	788.6035693
21.6168	788.4240816
21.6312	788.2587263
21.6456	788.1024843
21.66	787.9524241
21.6744	787.8120122
21.6888	787.6804146
21.7032	787.5577694
21.7176	787.4466987
21.7308	787.3556704
21.744	787.2738117
21.7596	787.1830563
21.774	787.0948358
21.7896	786.9762573
21.804	786.837755
21.8172	786.6877653
21.8328	786.4833411
21.846	786.2898022
21.8616	786.0433687
21.8748	785.8244269
21.8892	785.5785626
21.9036	785.3252976
21.918	785.0625804
21.9336	784.7666656
21.948	784.48438
21.9612	784.2206769
21.9768	783.9013496
21.9912	783.5968372
22.0056	783.2874145
22.02	782.9755283
22.0332	782.690234
22.0488	782.3563706
22.0632	782.0479592
22.0764	781.7608327
22.0896	781.4657798
22.104	781.12974
22.1184	780.7737919
22.1316	780.4227281
22.1472	779.9713257
22.1604	779.5615918
22.176	779.0527017
22.1916	778.5196266
22.206	778.0028436
22.2204	777.4596809
22.2348	776.8900465
22.2492	776.2967106
22.2636	775.6766406
22.278	775.0234774
22.2936	774.2728619
22.308	773.5402372
22.3212	772.8394407
22.3368	771.9828248
22.3512	771.1703066
22.3668	770.2744044
22.38	769.5034728
22.3944	768.6496833
22.41	767.7173483
22.4232	766.9315983
22.4388	766.0223644
22.4532	765.2057178
22.4676	764.4068058
22.482	763.6228525
22.4964	762.8494803
22.5108	762.0849274
22.5252	761.3345851
22.5372	760.7267242
22.5516	760.0134547
22.566	759.3113286
22.5804	758.6224605
22.596	757.8936929
22.6092	757.2936102
22.6236	756.6547578
22.638	756.0282663
22.6512	755.4618358
22.6656	754.8466412
22.68	754.2300408
22.6956	753.5521284
22.71	752.9113481
22.7244	752.2541807
22.7376	751.639999
22.752	750.9641942
22.7688	750.1773984
22.7832	749.506041
22.7976	748.8324435
22.8096	748.264856
22.824	747.5746353
22.8396	746.8114822
22.854	746.0911454
22.8684	745.3580089
22.8828	744.6190318
22.896	743.9433276
22.9116	743.144719
22.9248	742.4643269
22.9392	741.7128476
22.9536	740.9553318
22.968	740.2035779
22.9836	739.4028547
22.9968	738.7379615
23.0112	738.027491
23.0256	737.3256898
23.04	736.6236081
23.0556	735.8588777
23.0688	735.2125636
23.0844	734.4625423
23.0988	733.7879046
23.1132	733.1257222
23.1276	732.4684055
23.142	731.8091555
23.1576	731.0927041
23.1708	730.4892364
23.184	729.895046
23.1996	729.2034809
23.214	728.5708638
23.2284	727.94295
23.2404	727.4213784
23.2548	726.7953775
23.2692	726.1651261
23.2824	725.5810946
23.298	724.8770875
23.3124	724.2163244
23.3268	723.5592344
23.3412	722.9126501
23.3556	722.2739597
23.37	721.6336149
23.3844	720.9817466
23.3988	720.3148111
23.412	719.6929
23.4264	719.0131958
23.442	718.2846385
23.4564	717.6184009
23.4696	717.0037104
23.484	716.3237727
23.4972	715.6942442
23.5116	715.0045974
23.5248	714.3753967
23.5404	713.6422112
23.5536	713.0297154
23.568	712.3637874
23.5824	711.6968573
23.5968	711.0295831
23.6112	710.3600918
23.6244	709.7457444
23.64	709.0259559
23.6556	708.3157163
23.67	707.6659622
23.6844	707.0110752
23.6976	706.4047284
23.712	705.7462122
23.7264	705.0932894
23.7408	704.4454843
23.7564	703.7441521
23.7696	703.1458453
23.784	702.4838442
23.7996	701.7671302
23.814	701.1163349
23.8296	700.4127289
23.8428	699.810169
23.856	699.198695
23.8716	698.4730198
23.8848	697.866415
23.8992	697.2162391
23.9136	696.5691298
23.928	695.9117891
23.9436	695.1829246
23.9568	694.5590842
23.9724	693.8265013
23.9868	693.1602622
24.0012	692.5000767
24.0156	691.8386615
24.03	691.1705559
24.0444	690.5003177
24.06	689.7802632
24.072	689.2311488
24.0864	688.5746834
24.0996	687.9716625
24.114	687.3108439
24.1272	686.7022761
24.1416	686.0366003
24.156	685.3716256
24.1692	684.7664877
24.1836	684.1075838
24.198	683.4472075
24.2124	682.7908093
24.2268	682.1397833
24.24	681.5438219
24.2556	680.8341977
24.2688	680.2278083
24.2808	679.6764672
24.294	679.073892
24.3072	678.4733048
24.3216	677.816137
24.336	677.1554053
24.3516	676.4338513
24.366	675.7656901
24.3804	675.0994914
24.3948	674.4385377
24.408	673.837512
24.4236	673.1306728
24.4356	672.5858174
24.4524	671.8203497
24.4668	671.1602835
24.4812	670.4952657
24.4968	669.774455
24.51	669.16761
24.5256	668.4483294
24.54	667.7834506
24.5544	667.122619
24.57	666.4109937
24.5844	665.7564893
24.6	665.0465892
24.6144	664.385996
24.6288	663.7192937
24.6432	663.0558918
24.6564	662.4526789
24.6708	661.7910705
24.6864	661.0691641
24.6996	660.4589371
24.714	659.7951591
24.7272	659.190395
24.7416	658.5354234
24.756	657.8809192
24.7692	657.2782414
24.7836	656.6220508
24.798	655.9704338
24.8124	655.3131017
24.8268	654.6498701
24.84	654.0457734
24.8556	653.3344903
24.8688	652.7318135
24.8832	652.074643
24.8976	651.4166551
24.912	650.7543902
24.9276	650.0358359
24.942	649.376639
24.9564	648.7160885
24.9708	648.052203
24.984	647.4445084
24.9996	646.7257621
25.014	646.0590684
25.0296	645.3364762
25.0428	644.7296859
25.0584	644.0225405
25.074	643.3213898
25.0884	642.6710934
25.1028	642.011001
25.1172	641.3447889
25.1304	640.7357059
25.146	640.0309023
25.1604	639.3912502
25.176	638.6849308
25.1904	638.0183658
25.2036	637.4058891
25.218	636.7449611
25.2324	636.0955265
25.248	635.3980346
25.2624	634.7517601
25.2756	634.1514629
25.2912	633.4292273
25.3056	632.7513117
25.32	632.0721102
25.3356	631.3460797
25.3488	630.742827
25.3644	630.0333875
25.3776	629.4307518
25.392	628.7767199
25.4064	628.1287137
25.4196	627.5357616
25.4352	626.8257143
25.4484	626.2142496
25.464	625.4855214
25.4796	624.7673168
25.494	624.1225586
25.5084	623.4800391
25.5216	622.882578
25.536	622.2233151
25.5504	621.5574858
25.5612	621.0555708
25.5744	620.4473758
25.5888	619.7967682
25.602	619.209415
25.614	618.6749818
25.6284	618.0227287
25.644	617.3029328
25.6584	616.635832
25.674	615.9147388
25.6884	615.2513676
25.7028	614.5887598
25.7172	613.9293611
25.7292	613.3862191
25.7436	612.7354405
25.758	612.0790987
25.7736	611.361877
25.788	610.6986311
25.8012	610.0984059
25.8168	609.3873467
25.8312	608.7217371
25.8456	608.0606453
25.86	607.4056185
25.8744	606.7504249
25.8888	606.0906849
25.902	605.482734
25.9164	604.819217
25.9308	604.1619867
25.944	603.5673781
25.9596	602.8661658
25.9752	602.1570307
25.9908	601.4438814
26.0052	600.7879428
26.0196	600.1400302
26.034	599.4954494
26.0484	598.8447842
26.0628	598.1828089
26.076	597.5702394
26.0892	596.9620534
26.1036	596.3061402
26.118	595.6544884
26.1324	595.0030875
26.1468	594.3463125
26.16	593.7374975
26.1756	593.0144376
26.1888	592.4041139
26.2044	591.6905945
26.2188	591.0380738
26.2332	590.3797963
26.2488	589.6679672
26.262	589.0702581
26.2764	588.4112613
26.2908	587.7492203
26.304	587.1546459
26.3196	586.462317
26.334	585.8185638
26.3496	585.1039673
26.364	584.4360547
26.3772	583.8297221
26.3916	583.1793724
26.406	582.5358895
26.4204	581.893864
26.4348	581.2420706
26.448	580.630301
26.4624	579.9536446
26.4768	579.2795907
26.4924	578.567453
26.5068	577.9263995
26.52	577.3451878
26.5356	576.6475528
26.55	575.9872376
26.5644	575.3141958
26.5788	574.6404025
26.5932	573.9812743
26.6088	573.2798479
26.6232	572.6306579
26.6388	571.9282926
26.6532	571.2736221
26.6676	570.6084313
26.6832	569.8841026
26.6988	569.1672806
26.712	568.5706498
26.7264	567.9243399
26.7408	567.2751317
26.754	566.6796379
26.7684	566.0308608
26.784	565.3256563
26.7972	564.7279219
26.8104	564.1301841
26.8248	563.4705575
26.8404	562.7468312
26.8548	562.0869114
26.8692	561.4362841
26.8836	560.7879315
26.898	560.1329688
26.9124	559.4689134
26.9268	558.7986381
26.9412	558.1344508
26.9556	557.4875308
26.9712	556.7905048
26.9844	556.1931154
26.9988	555.5394781
27.012	554.9389807
27.0252	554.3368809
27.0396	553.6768114
27.0552	552.9596771
27.0696	552.3006116
27.084	551.6469372
27.0996	550.9455908
27.114	550.2972668
27.1284	549.6463541
27.1428	548.9972929
27.156	548.4014319
27.1692	547.8010168
27.1848	547.0882699
27.2004	546.373778
27.2136	545.7672106
27.2268	545.1608847
27.24	544.5603329
27.2544	543.9111667
27.2676	543.3180865
27.282	542.6681505
27.2964	542.0144616
27.3108	541.3609996
27.3252	540.7103798
27.3396	540.0629351
27.3552	539.3645831
27.3684	538.7710157
27.3828	538.1155406
27.3984	537.3951891
27.4092	536.8934535
27.426	536.1210439
27.4404	535.4715797
27.4548	534.8257223
27.4704	534.1172126
27.4836	533.5093916
27.4992	532.7883114
27.5124	532.1811252
27.5268	531.5273444
27.54	530.9355877
27.5532	530.3458057
27.5676	529.7039697
27.582	529.0600805
27.5976	528.3460358
27.612	527.6755602
27.6252	527.0634406
27.6408	526.356135
27.6552	525.7167888
27.6696	525.0812628
27.7128	523.1192579
27.7284	522.402252
27.744	521.6924073
27.7596	520.9894334
27.774	520.3402564
27.7884	519.6894541
27.8028	519.0327059
27.8172	518.3675523
27.8316	517.7034673
27.8448	517.1037666
27.8604	516.4022854
27.8748	515.7583086
27.888	515.1709035
27.9024	514.5245039
27.9156	513.9223513
27.9312	513.1977852
27.9444	512.5807722
27.9588	511.9199551
27.9732	511.276781
27.9876	510.6399579
28.002	509.9948797
28.0164	509.3415171
28.0308	508.6943726
28.0452	508.0493815
28.0584	507.4522382
28.0728	506.7997622
28.0884	506.0949278
28.104	505.385868
28.1184	504.7276238
28.1328	504.0706889
28.1484	503.3600348
28.1628	502.7037842
28.176	502.1057179
28.1916	501.3981476
28.2048	500.7954987
28.2192	500.1384064
28.2324	499.5394195
28.2468	498.8941416
28.26	498.3044463
28.2732	497.7077133
28.2864	497.1030127
28.3008	496.4402034
28.3152	495.7832549
28.3284	495.1892933
28.3428	494.5493624
28.3572	493.9069463
28.3716	493.255306
28.386	492.599648
28.4004	491.9462105
28.416	491.2407775
28.4316	490.538639
28.4448	489.9453081
28.4604	489.2452563
28.4748	488.5939137
28.488	487.9878675
28.5024	487.3226137
28.5168	486.6628888
28.5324	485.9593603
28.5456	485.3674965
28.56	484.7145934
28.5744	484.0596752
28.5888	483.4142659
28.6044	482.7189178
28.6188	482.0751429
28.632	481.4844505
28.6476	480.7763848
28.6572	480.3332755
28.6716	479.6653852
28.6824	479.1687349
28.698	478.4629257
28.7124	477.8182937
28.7268	477.1709254
28.7412	476.515078
28.7556	475.8570542
28.77	475.2068115
28.7844	474.565924
28.8	473.8717269
28.8156	473.1680825
28.8288	472.5662038
28.8444	471.8496015
28.8588	471.1938036
28.872	470.6048034
28.8876	469.9152639
28.9008	469.3275637
28.9152	468.6750381
28.9296	468.015845
28.944	467.3603444
28.9596	466.6575439
28.9728	466.0619975
28.9884	465.3532435
29.0028	464.6936744
29.016	464.0901479
29.0304	463.4369494
29.0448	462.7904752
29.0592	462.1461829
29.0736	461.4986237
29.088	460.8477474
29.1036	460.1442149
29.118	459.4981913
29.1324	458.857137
29.1468	458.2137977
29.1612	457.5599929
29.1768	456.8440559
29.1912	456.1834006
29.2056	455.5237983
29.22	454.8671103
29.2344	454.2167361
29.2488	453.5700517
29.262	452.9774832
29.2764	452.3336859
29.2908	451.6926985
29.304	451.105159
29.3196	450.4080107
29.3328	449.8147081
29.3472	449.1577529
29.3616	448.4958541
29.376	447.8443222
29.3892	447.2569503
29.4024	446.6702653
29.4168	446.0178313
29.4312	445.3540779
29.4468	444.6380657
29.46	444.0417439
29.4744	443.4020539
29.49	442.7003678
29.5032	442.0917778
29.5176	441.4248809
29.5308	440.8256951
29.5452	440.1891197
29.5608	439.5029846
29.574	438.9130196
29.5896	438.2129191
29.604	437.5650456
29.6172	436.965881
29.6328	436.2590134
29.6472	435.6159669
29.6628	434.9370868
29.6748	434.4114649
29.6892	433.7597487
29.7036	433.0845766
29.718	432.4024388
29.7336	431.6828318
29.748	431.0469837
29.7624	430.4216077
29.778	429.7228206
29.7924	429.0565126
29.8068	428.3956515
29.8212	427.7555549
29.8356	427.1266661
29.85	426.4760846
29.8644	425.8022184
29.8788	425.1410182
29.892	424.5543332
29.9064	423.9231938
29.9208	423.2862522
29.9352	422.6394457
29.9496	421.9849372
29.964	421.3325616
29.9784	420.6909803
29.994	420.0012315
30.006	419.4640606
30.0216	418.7499288
30.036	418.0819149
30.0492	417.4758285
30.0636	416.8321036
30.078	416.198704
30.0912	415.6086967
30.1056	414.9500571
30.12	414.2877525
30.1344	413.6393199
30.1488	413.009208
30.1644	412.3267453
30.1764	411.7882114
30.1908	411.1261114
30.2052	410.4617052
30.2184	409.8657417
30.2328	409.228558
30.2472	408.5857584
30.2628	407.8691883
30.276	407.2565058
30.2892	406.653751
30.3036	406.0173865
30.318	405.394014
30.3336	404.7080833
30.348	404.0605159
30.3612	403.4659737
30.3756	402.8139426
30.39	402.157222
30.4056	401.4494925
30.42	400.8039383
30.4332	400.2146684
30.4488	399.5108236
30.4632	398.8526725
30.4788	398.1398609
30.4932	397.4928447
30.5076	396.8608352
30.5232	396.1704819
30.5376	395.5188605
30.5508	394.9205757
30.5652	394.2724685
30.5772	393.7362745
30.5928	393.0409262
30.6072	392.3914789
30.6228	391.668203
30.6372	391.0059428
30.6504	390.4264767
30.6648	389.8031274
30.6792	389.1619414
30.6948	388.4537732
30.7092	387.7980665
30.7236	387.1440258
30.7392	386.4421352
30.7524	385.8532611
30.768	385.1581736
30.7836	384.4594701
30.798	383.8108078
30.8136	383.1124685
30.8256	382.5770111
30.84	381.9309639
30.8544	381.2780403
30.8676	380.6769073
30.882	380.0278918
30.8952	379.4408592
30.9096	378.8031481
30.9252	378.1020121
30.9396	377.4436741
30.9528	376.8391063
30.9672	376.1852795
30.9828	375.4799995
30.996	374.8912772
31.0104	374.2608994
31.026	373.5838144
31.0404	372.9504548
31.056	372.2473289
31.0704	371.5853198
31.0848	370.9200972
31.1016	370.1606253
31.1148	369.5750931
31.1292	368.9298595
31.1448	368.2241877
31.1592	367.5764765
31.1712	367.0462923
31.1844	366.4661294
31.1988	365.8186826
31.212	365.2161643
31.2252	364.6195281
31.2396	363.9805705
31.254	363.344166
31.2684	362.6968547
31.2828	362.0398297
31.296	361.439035
31.3116	360.7374469
31.326	360.0956431
31.3404	359.4518396
31.3536	358.8584173
31.368	358.2128882
31.3836	357.517531
31.3968	356.9309897
31.4112	356.2871541
31.4244	355.6955486
31.4388	355.0652294
31.4532	354.4306075
31.4676	353.7698801
31.4832	353.0444782
31.4964	352.4423738
31.5108	351.804453
31.5252	351.1690903
31.5396	350.5190368
31.554	349.8657264
31.5684	349.2226803
31.5828	348.5853261
31.596	348.0015084
31.6092	347.4145919
31.6236	346.7639748
31.6368	346.1593474
31.6512	345.5016306
31.6656	344.8544768
31.68	344.2143532
31.6956	343.5256036
31.71	342.8913232
31.7256	342.1990572
31.74	341.5585356
31.7532	340.9742408
31.7676	340.3335488
31.782	339.6846456
31.7964	339.0312575
31.8108	338.3796522
31.824	337.7857527
31.8396	337.0807425
31.854	336.4239727
31.8696	335.7183431
31.884	335.073169
31.8972	334.4812818
31.9116	333.8404717
31.9248	333.2611383
31.9392	332.6241512
31.9536	331.9795175
31.968	331.3409561
31.9836	330.6412805
31.9968	330.0345346
32.0124	329.3294284
32.0268	328.6976906
32.0412	328.0656813
32.0556	327.4234738
32.0688	326.8303424
32.0832	326.1858994
32.0976	325.5444285
32.1108	324.9541573
32.1252	324.3082226
32.1384	323.7177998
32.1528	323.0685206
32.1672	322.4139653
32.1816	321.7643858
32.1948	321.1741704
32.208	320.5862903
32.2236	319.8883035
32.238	319.2405808
32.2524	318.5887205
32.2668	317.9393791
32.28	317.352014
32.2956	316.6700256
32.31	316.0401295
32.3256	315.3459498
32.34	314.6936553
32.3544	314.0369586
32.3688	313.4002659
32.382	312.8337604
32.3976	312.1371526
32.4096	311.5823956
32.424	310.9278729
32.4384	310.2912976
32.4516	309.7094212
32.466	309.0608355
32.4804	308.4027307
32.4948	307.757954
32.508	307.1799302
32.5224	306.5492303
32.5368	305.911684
32.55	305.3278559
32.5656	304.6601591
32.58	304.0622032
32.5932	303.5135649
32.6088	302.8516093
32.622	302.2880418
32.6364	301.6956999
32.6496	301.1747098
32.664	300.6014282
32.6784	300.0154809
32.6916	299.4767792
32.706	298.8947094
32.7204	298.3212455
32.7348	297.7422861
32.7492	297.1643378
32.7624	296.6458998
32.778	296.0312449
32.7924	295.4507343
32.808	294.8088046
32.8236	294.1717583
32.838	293.5914956
32.8536	292.9531955
32.868	292.3550435
32.8812	291.8092388
32.898	291.1230989
32.9112	290.5895545
32.9256	290.0180218
32.94	289.464165
32.9532	288.9645295
32.9676	288.418188
32.9808	287.9311547
32.9952	287.4169527
33.0072	286.9948282
33.0216	286.4907951
33.036	285.9868897
33.0492	285.5162474
33.0636	284.9861369
33.0768	284.5010415
33.0912	283.98709
33.1044	283.5434389
33.12	283.0339661
33.1344	282.5392793
33.1476	282.0687994
33.1632	281.5068274
33.1776	280.9721227
33.192	280.4198095
33.2064	279.8866032
33.2208	279.3724138
33.2352	278.8662853
33.2484	278.3997521
33.264	277.8384966
33.2796	277.2981163
33.2928	276.8959393
33.3072	276.4725355
33.3216	276.0323043
33.336	275.5846696
33.3516	275.0756746
33.366	274.6058479
33.3816	274.1026278
33.396	273.6493164
33.4092	273.245591
33.4236	272.8112073
33.438	272.3945017
33.4536	271.9347179
33.468	271.5112088
33.4812	271.1157748
33.4956	270.6607332
33.5088	270.2367309
33.5244	269.6984868
33.5376	269.2111535
33.552	268.7131103
33.5676	268.2526878
33.5808	267.8849808
33.5964	267.4340121
33.6096	267.0657154
33.624	266.6876424
33.6384	266.3373554
33.6516	266.0229919
33.666	265.6904902
33.6792	265.4262448
33.6948	265.1013535
33.7212	264.637613
33.7368	264.4399435
33.7656	264.110889
33.7788	263.8950844
33.7932	263.538102
33.8076	263.1296944
33.8208	262.7421331
33.8352	262.2328167
33.8484	261.7510189
33.8628	261.397157
33.876	261.2414918
33.8892	261.1425908
33.9036	260.9788197
33.918	260.6383986
33.9324	260.2134994
33.948	259.7768018
33.9612	259.3876389
33.9756	258.9372384
33.9876	258.6034905
34.0008	258.2829043
34.0128	258.0499279
34.0284	257.8745096
34.0404	257.7533177
34.0668	257.1286377
34.08	256.743086
34.0944	256.3090846
34.1052	255.9503047
34.1196	255.5255393
34.1316	255.2626578
34.146	254.9755629
34.158	254.7475
34.1724	254.5454767
34.1868	254.3861678
34.2	254.1304334
34.2132	253.7594087
34.2252	253.4016299
34.2396	252.9544509
34.2516	252.5276716
34.2648	252.0687999
34.278	251.7161598
34.2924	251.4364142
34.3056	251.181498
34.32	250.8891154
34.3464	250.4171713
34.362	250.0197987
34.374	249.6244992
34.3884	249.1554919
34.3992	248.8324958
34.4124	248.4305732
34.4232	248.0998701
34.4376	247.6764317
34.4652	246.976403
34.4796	246.6504433
34.494	246.3047462
34.5072	245.9875275
34.5204	245.6474799
34.5336	245.2588948
34.5456	244.8738678
34.56	244.4146511
34.572	244.0470747
34.584	243.6865151
34.5972	243.3228274
34.6092	243.0079905
34.6236	242.6380459
34.638	242.2450018
34.6524	241.8329883
34.6656	241.4527025
34.6944	240.6185611
34.7052	240.27876
34.7208	239.78561
34.734	239.3825951
34.7472	238.9631459
34.7604	238.5173745
34.7748	238.0697223
34.788	237.6911333
34.8	237.3472734
34.8144	236.9145864
34.8264	236.5457006
34.842	236.0655619
34.8528	235.727332
34.866	235.3039741
34.8804	234.8369514
34.8936	234.4232993
34.9068	234.0030257
34.92	233.5662965
34.9332	233.1237942
34.9452	232.7405233
34.9596	232.3062201
34.9716	231.9476269
34.986	231.5102541
34.9992	231.1084877
35.0136	230.6782105
35.0244	230.3580363
35.0388	229.9359187
35.0508	229.5799418
35.064	229.1805681
35.0784	228.7359466
35.0904	228.3633332
35.1048	227.9122085
35.1168	227.534429
35.13	227.1282952
35.142	226.7581839
35.1552	226.3386875
35.1696	225.8722236
35.1828	225.4611068
35.1948	225.2487398
35.208	225.1433044
35.2212	224.7333314
35.2356	223.8559675
35.25	223.1774377
35.262	223.0868728
35.2752	223.0729062
35.2884	222.6819846
35.3016	221.8572075
35.3148	220.9814192
35.328	220.3809421
35.3424	219.839819
35.3556	219.1545719
35.3688	218.4543804
35.3808	218.0195179
35.394	217.6437113
35.4084	217.0884787
35.4228	216.3723337
35.4348	215.7239255
35.448	215.0698136
35.4624	214.4637344
35.4756	213.9366278
35.4876	213.429803
35.5008	212.8649956
35.5152	212.2685267
35.5284	211.7903418
35.5428	211.3189628
35.556	210.8396014
35.568	210.3412098
35.5824	209.7161139
35.5956	209.1731377
35.6088	208.683284
35.6244	208.1018045
35.6388	207.5337737
35.6508	207.077239
35.664	206.596959
35.6772	206.1431845
35.6892	205.7607486
35.7024	205.3609925
35.7132	205.0329841
35.7276	204.5545595
35.7408	204.0917627
35.7564	203.5737935
35.7696	203.1710466
35.7828	202.7693775
35.7948	202.3895679
35.808	201.9580949
35.8212	201.5412002
35.8332	201.1733584
35.8488	200.6888443
35.8596	200.3524173
35.8728	199.9583927
35.8872	199.5539607
35.9004	199.1689141
35.9124	198.8064672
35.9256	198.4135163
35.9364	198.1173906
35.9508	197.7333145
35.9628	197.4151035
35.976	197.0577749
35.9904	196.665961
36.0012	196.3693736
36.0144	196.0070149
36.0264	195.6796821
36.0408	195.2908949
36.054	194.9429088
36.0684	194.5703644
36.0816	194.2388562
36.096	193.8771245
36.1092	193.5390471
36.1236	193.1623161
36.1392	192.7627377
36.1524	192.4412625
36.1668	192.0932041
36.1788	191.8032593
36.192	191.4808463
36.2052	191.1597698
36.2172	190.8699567
36.2304	190.5537457
36.2424	190.2654815
36.2568	189.9134259
36.27	189.6002174
36.2832	189.2950928
36.294	189.0524187
36.3072	188.7555114
36.318	188.5127985
36.3336	188.1580533
36.3468	187.8575853
36.36	187.5543191
36.3744	187.2324335
36.3852	186.9983026
36.3996	186.695748
36.4116	186.4443045
36.4272	186.1041819
36.4392	185.8417745
36.4536	185.5387369
36.4668	185.2739456
36.48	185.0075925
36.4932	184.7425766
36.5052	184.496621
36.5184	184.2232113
36.5304	183.9754564
36.546	183.6526931
36.558	183.4098657
36.5736	183.1009595
36.5868	182.8478319
36.6	182.5907289
36.6132	182.3319668
36.6252	182.0939189
36.6384	181.8325679
36.6492	181.6216517
36.6636	181.3477207
36.6768	181.1070769
36.69	180.8674914
36.7032	180.6270377
36.7164	180.3796409
36.7296	180.1325206
36.7428	179.8846816
36.756	179.6451786
36.768	179.4290806
36.7812	179.1887329
36.7932	178.9619916
36.8076	178.694252
36.8208	178.4621736
36.8352	178.2122384
36.8472	178.0026882
36.8616	177.7361791
36.876	177.4662554
36.8892	177.2201026
36.9024	176.9804003
36.9156	176.7430115
36.9288	176.5014866
36.9432	176.2430694
36.9576	175.9931355
36.9708	175.7703017
36.984	175.5458299
36.9972	175.323287
37.0092	175.1247033
37.02	174.9523898
37.0332	174.7519099
37.0476	174.5364287
37.0608	174.3344046
37.074	174.1165729
37.0872	173.8979367
37.1016	173.6780015
37.1136	173.5065107
37.128	173.3000523
37.1424	173.089161
37.1544	172.9119448
37.17	172.6767681
37.182	172.4925532
37.1952	172.2898289
37.2072	172.1117793
37.2192	171.9373109
37.2312	171.7653784
37.2444	171.5640578
37.2564	171.3750573
37.2684	171.1846289
37.2816	170.9844485
37.296	170.7762344
37.3092	170.5944445
37.3212	170.4298765
37.3356	170.2314917
37.35	170.0318402
37.3644	169.8199593
37.3776	169.6229329
37.392	169.4052723
37.4052	169.2088752
37.4184	169.0100368
37.4316	168.8048152
37.446	168.5756084
37.4604	168.3435427
37.4724	168.1542027
37.4868	167.931126
37.4988	167.7497809
37.512	167.5508333
37.5252	167.3503962
37.5372	167.1641153
37.5516	166.9403374
37.566	166.7188912
37.5816	166.4801405
37.5924	166.3182298
37.6068	166.1023611
37.6188	165.922092
37.632	165.7201209
37.6464	165.5057196
37.6572	165.3503939
37.6728	165.131962
37.686	164.949079
37.6992	164.762161
37.7112	164.5939194
37.7244	164.4129713
37.7364	164.2547645
37.7508	164.0659915
37.7628	163.9274921
37.776	163.7945335
37.7904	163.6805747
37.8048	163.5979382
37.8192	163.5294685
37.8312	163.4841526
37.8468	163.436235
37.8588	163.414532
37.872	163.4038476
37.8852	163.3988921
37.8972	163.4058367
37.9104	163.4919409
37.9224	163.8149392
37.9356	164.5415741
37.9476	165.2896035
37.9608	165.8828916
37.9728	166.2105584
37.9872	166.5389384
37.9992	166.9607378
38.0124	167.6104169
38.0256	168.283361
38.0388	168.8235608
38.052	169.2346688
38.0652	169.6029695
38.0796	170.1399094
38.0928	170.7550165
38.106	171.3218179
38.118	171.7238063
38.1312	172.1123451
38.1456	172.5901064
38.1588	173.0980332
38.1708	173.5680371
38.184	174.0370065
38.1972	174.4503444
38.2092	174.8226899
38.2224	175.2709663
38.2356	175.747481
38.2488	176.2135937
38.262	176.6396368
38.2752	177.0564486
38.2884	177.4880022
38.3016	177.9407696
38.316	178.4248019
38.3292	178.8473695
38.3436	179.2922529
38.3568	179.7006374
38.37	180.1171436
38.3844	180.5608702
38.3988	180.9997269
38.4096	181.3220404
38.4228	181.7184862
38.4348	182.073032
38.448	182.461516
38.4612	182.8485438
38.4744	183.235826
38.4888	183.6488664
38.502	184.0150098
38.5152	184.4067781
38.526	184.7822582
38.5404	185.4589815
38.5548	186.2220977
38.568	186.9649717
38.5824	187.9373248
38.5944	188.9622064
38.6076	190.3204097
38.622	191.8778844
38.6352	193.4487731
38.6472	195.0873553
38.6616	197.340336
38.6736	199.4043318
38.6868	201.8875751
38.7	204.4211353
38.712	206.7389825
38.7264	209.5509437
38.7384	211.8877619
38.7516	214.3575082
38.7648	216.6772016
38.7792	219.0760932
38.7924	221.1809271
38.8068	223.376943
38.8188	225.1178292
38.832	226.9960932
38.8452	228.9060264
38.856	230.5333929
38.8716	232.9750316
38.8848	235.0510823
38.8992	237.2780035
38.9124	239.2785247
38.9256	241.2260167
38.9376	242.9405306
38.952	244.9308054
38.9664	246.8132739
38.9796	248.4285457
38.994	250.1324862
39.006	251.5248119
39.0192	253.0545233
39.0312	254.443412
39.0456	256.152303
39.0576	257.6090062
39.072	259.4155632
39.0864	261.2912502
39.0984	262.9073176
39.1128	264.8908583
39.126	266.7288307
39.1392	268.5902959
39.1512	270.2889789
39.1656	272.3292187
39.1776	274.0149342
39.1908	275.8581724
39.2028	277.5204953
39.216	279.3388661
39.2316	281.4888555
39.2448	283.3220954
39.258	285.1615961
39.2712	287.001855
39.2844	288.8550754
39.2964	290.5446798
39.3108	292.5589096
39.3228	294.2220532
39.336	296.0437798
39.3492	297.8533167
39.36	299.3214486
39.3732	301.0973909
39.3852	302.6962831
39.3996	304.5913084
39.4128	306.3110567
39.426	308.036279
39.438	309.61204
39.4524	311.5164776
39.4656	313.2624682
39.4788	315.0085639
39.4908	316.5967397
39.504	318.3544328
39.5184	320.2798409
39.5292	321.726037
39.5448	323.8155605
39.5568	325.4216709
39.57	327.1882812
39.5832	328.9529908
39.5976	330.8928784
39.6084	332.3542308
39.6228	334.3024241
39.6348	335.9234076
39.648	337.7147919
39.6612	339.5113038
39.6732	341.1451484
39.6876	343.1115232
39.7008	344.9203335
39.7152	346.8847626
39.7296	348.8383219
39.7428	350.6376903
39.7548	352.2764523
39.768	354.0729163
39.7812	355.8630605
39.7932	357.4908247
39.8064	359.2787799
39.8196	361.063204
39.846	364.6583684
39.8592	366.4610737
39.8712	368.0872528
39.8844	369.874757
39.8964	371.5027749
39.9096	373.2960439
39.9228	375.0851586
39.936	376.8783739
39.9504	378.8401326
39.9612	380.3135711
39.9756	382.2802623
39.9876	383.9178703
40.0032	386.0439814
40.014	387.5127692
40.0272	389.3074032
40.0392	390.9317276
40.0536	392.8861578
40.0656	394.5200241
40.08	396.4807805
40.0932	398.2829634
40.1052	399.9308174
40.1184	401.743512
40.1292	403.2193723
40.1436	405.1849405
40.1568	406.9836216
40.1712	408.9422621
40.1844	410.7391254
40.1976	412.5524148
40.2084	414.0403786
40.2216	415.8487355
40.2336	417.4811029
40.2468	419.2771445
40.2612	421.2394556
40.2732	422.8762571
40.2864	424.6821275
40.2972	426.1630577
40.3116	428.1469026
40.3236	429.8015865
40.3368	431.6072186
40.3512	433.5499612
40.3656	435.483082
40.3788	437.2635566
40.392	439.0604501
40.4064	441.03474
40.4184	442.6755606
40.4328	444.6337844
40.4448	446.2630088
40.4616	448.5378876
40.4736	450.1580077
40.4868	451.9393808
40.5	453.7228643
40.512	455.3470362
40.5252	457.1359372
40.5384	458.9268267
40.5516	460.7188014
40.5648	462.5094684
40.5792	464.4533987
40.5924	466.229093
40.6056	468.0134552
40.6188	469.8086624
40.632	471.6084856
40.6464	473.5711742
40.6572	475.0419902
40.6716	477.0069943
40.6836	478.6466299
40.698	480.6028891
40.71	482.2202084
40.7232	484.0018218
40.7352	485.622199
40.7484	487.4065493
40.7604	489.0239064
40.7748	490.9667472
40.7868	492.5846432
40.8	494.3616286
40.812	495.9767135
40.8252	497.7522161
40.8504	501.1461019
40.8636	502.9262674
40.8756	504.5413584
40.8888	506.3196805
40.9008	507.9311739
40.9152	509.863704
40.926	511.3076739
40.9392	513.0812657
40.9524	514.8571758
40.9668	516.7977168
40.98	518.5734415
40.992	520.1835669
41.0052	521.9546519
41.0172	523.5657238
41.0316	525.5006704
41.0448	527.27023
41.0604	529.3645029
41.0736	531.1426885
41.088	533.084019
41.1024	535.0231431
41.1156	536.7927119
41.1288	538.561
41.142	540.3347058
41.1564	542.2775702
41.1696	544.0591647
41.184	545.9943402
41.1972	547.7647978
41.2092	549.3796711
41.2236	551.3218852
41.2356	552.9397655
41.25	554.8762678
41.2632	556.6463376
41.2776	558.5809165
41.2896	560.1988302
41.3028	561.9820087
41.3148	563.6033202
41.328	565.3890415
41.3436	567.4923003
41.3568	569.2665942
41.3712	571.198156
41.3844	572.9658817
41.3988	574.8967612
41.4108	576.5065494
41.424	578.2757753
41.4372	580.0460807
41.4504	581.8213662
41.4636	583.6036745
41.4756	585.2278083
41.49	587.1746953
41.502	588.7909663
41.5152	590.5621861
41.5284	592.3241613
41.544	594.4136665
41.5584	596.3493099
41.5716	598.1224105
41.5872	600.2140485
41.6004	601.9830148
41.6148	603.9157046
41.6268	605.53016
41.64	607.3088138
41.6544	609.250462
41.6688	611.1905646
41.6844	613.2798502
41.6976	615.0435093
41.7108	616.8155529
41.7228	618.4355935
41.736	620.2238311
41.7504	622.1688483
41.7636	623.9428781
41.7792	626.0313313
41.7912	627.6336549
41.8056	629.5523097
41.8188	631.3139898
41.832	633.0876055
41.8464	635.0247993
41.8584	636.6320236
41.8716	638.3992509
41.8848	640.1705733
41.9004	642.2701395
41.9124	643.8887218
41.9268	645.8330836
41.94	647.6128525
41.9532	649.3871371
41.9664	651.157625
41.9796	652.927331
41.994	654.8561949
42.0072	656.6221071
42.0216	658.5443618
42.0336	660.1451039
42.048	662.0702262
42.0624	664.0022984
42.0756	665.7789282
42.09	667.7133569
42.1032	669.4784351
42.1176	671.3982581
42.1308	673.1605654
42.144	674.9342145
42.1584	676.8719609
42.1716	678.6394717
42.1848	680.4025922
42.198	682.1612442
42.2136	684.2428282
42.228	686.1672692
42.2412	687.9350489
42.2556	689.8636316
42.2688	691.6294302
42.282	693.3936298
42.294	694.9955349
42.3084	696.9130773
42.3228	698.8291231
42.3516	702.6845334
42.3672	704.7742122
42.3828	706.8616705
42.3948	708.4633913
42.408	710.2184232
42.4224	712.1250617
42.4356	713.8686532
42.45	715.7764353
42.4632	717.5333766
42.4776	719.4554005
42.492	721.3799307
42.5064	723.3041446
42.5208	725.2233368
42.534	726.9779927
42.5484	728.87185
42.5604	730.2762074
42.5748	731.5151729
42.588	732.1832053
42.6	732.4735215
42.6156	732.4642937
42.6288	732.161105
42.6444	731.5095682
42.6588	730.7920933
42.672	730.2314423
42.6876	729.8252943
42.7008	729.6934284
42.7176	729.7885119
42.7296	729.9733505
42.7416	730.1610974
42.7536	730.2425297
42.7668	730.0436038
42.7812	729.3885924
42.7944	728.4891118
42.81	727.3253828
42.8232	726.4719444
42.8376	725.7506006
42.852	725.212185
42.8688	724.7511469
42.8868	724.4274324
42.9024	724.3302017
42.9192	724.4241328
42.936	724.7195917
42.954	725.2331707
42.9696	725.7386168
42.984	726.1549033
43.002	726.5529545
43.0164	726.8129258
43.032	727.0870951
43.0488	727.3948267
43.0644	727.6724576
43.08	727.8982477
43.0956	728.0514785
43.1112	728.1414956
43.1256	728.1766435
43.1388	728.1800625
43.152	728.1687211
43.1664	728.1405099
43.1808	728.0783069
43.1952	727.9606691
43.2072	727.8123668
43.2216	727.5784269
43.2348	727.3228206
43.248	727.0543592
43.2624	726.7719522
43.2756	726.5395451
43.29	726.3386295
43.3032	726.2057553
43.3176	726.1203832
43.3308	726.0855956
43.344	726.0842864
43.3572	726.0856837
43.3728	726.0905692
43.3872	726.1232099
43.4004	726.1975587
43.4148	726.3242531
43.428	726.4647157
43.44	726.5897861
43.4508	726.6863406
43.464	726.7777895
43.4784	726.8482489
43.4916	726.9004865
43.506	726.9591297
43.5192	727.021139
43.5336	727.097584
43.5468	727.1733943
43.56	727.2499496
43.5732	727.3243191
43.5876	727.3931002
43.602	727.4407573
43.6164	727.4574258
43.6308	727.4513229
43.644	727.4304822
43.6584	727.3817771
43.6728	727.3116142
43.686	727.2407424
43.6992	727.1757867
43.7124	727.122856
43.7232	727.0876652
43.7388	727.0420471
43.7532	726.9991143
43.7676	726.9486995
43.7808	726.8971394
43.7952	726.8455039
43.8084	726.8106529
43.8228	726.7924821
43.8372	726.7900806
43.8516	726.7888953
43.866	726.7885901
43.8792	726.7897874
43.8924	726.7925947
43.9044	726.7958371
43.9188	726.8007558
43.9308	726.8088563
43.944	726.828378
43.9584	726.8620522
43.9704	726.896085
43.9848	726.9475878
43.9992	727.0124379
44.0136	727.0852536
44.028	727.1560021
44.0412	727.2084333
44.0556	727.2450601
44.0688	727.2580526
44.0832	727.2587127
44.0904	727.258804
44.1024	727.2588433
44.1156	727.2579955
44.1312	727.2557909
44.1444	727.2513165
44.16	727.2359262
44.1744	727.2119255
44.1852	727.1906812
44.1996	727.1598889
44.2104	727.1359887
44.2236	727.107784
44.2368	727.0812776
44.2512	727.0520245
44.2656	727.0231152
44.28	726.9986986
44.2944	726.9844467
44.3088	726.9820128
44.3232	726.980862
44.3376	726.9814561
44.3508	726.9831427
44.364	726.9859046
44.3772	726.9912288
44.3916	727.0041879
44.4036	727.0230374
44.4168	727.0539057
44.4312	727.0950578
44.4468	727.1348905
44.46	727.1574404
44.4732	727.1697785
44.4876	727.176695
44.5008	727.1805855
44.5152	727.1834989
44.5284	727.18532
44.5428	727.1862344
44.556	727.1855452
44.5692	727.1836239
44.5836	727.1816462
44.5968	727.179648
44.6124	727.1760916
44.6256	727.1725074
44.64	727.1681039
44.6544	727.1652133
44.6664	727.1635523
44.682	727.1610552
44.7108	727.1582695
44.724	727.1580151
44.7372	727.1581377
44.7516	727.1588919
44.7648	727.1599668
44.7792	727.1620211
44.7924	727.1640891
44.8056	727.1660526
44.82	727.1682021
44.8332	727.1702184
44.8476	727.1731084
44.8608	727.1756821
44.8752	727.1780757
44.8884	727.1791128
44.9028	727.1792268
44.9172	727.1787568
44.9304	727.1779684
44.9436	727.1771938
44.9568	727.1763296
44.9712	727.1754307
44.9868	727.1748617
45	727.1746408
45.0132	727.1743372
