Time    	Lin Cylinder_BoomLift_L x
17.0136	677.6229392
17.0304	677.6237975
17.046	677.6246688
17.0628	677.6254882
17.0784	677.6264203
17.0916	677.6275496
17.106	677.6286144
17.1204	677.6297494
17.1348	677.6306358
17.148	677.6314467
17.1612	677.6322068
17.1756	677.6327181
17.19	677.6326121
17.2044	677.6322563
17.2176	677.6321229
17.232	677.6328259
17.2464	677.6336769
17.262	677.6346768
17.2776	677.6358545
17.292	677.6370086
17.3052	677.6381592
17.3184	677.6394593
17.3316	677.6406009
17.346	677.6415176
17.3604	677.6423426
17.3736	677.6432216
17.388	677.6440416
17.4012	677.6449593
17.4156	677.6457007
17.4288	677.6461844
17.4432	677.6466707
17.4576	677.6471947
17.472	677.6477452
17.4876	677.6482466
17.5008	677.6488788
17.5152	677.6498445
17.5272	677.6507122
17.5416	677.6514565
17.556	677.6522043
17.5704	677.6529847
17.586	677.6539123
17.6004	677.655172
17.6136	677.6567693
17.628	677.658006
17.6412	677.6586985
17.6556	677.6590233
17.67	677.6588382
17.6856	677.6584388
17.6988	677.6581115
17.7132	677.6580933
17.7276	677.6587079
17.7408	677.659576
17.7552	677.6603764
17.7696	677.6609411
17.784	677.6613971
17.7996	677.6619794
17.8128	677.6625674
17.8272	677.6633065
17.8428	677.6641919
17.8572	677.6651503
17.8704	677.6659517
17.8836	677.6669173
17.8992	677.6678658
17.9136	677.6686367
17.928	677.6693364
17.9424	677.6699887
17.9568	677.6706464
17.9712	677.6712584
17.9844	677.671742
18	677.6723778
18.0144	677.6728909
18.0288	677.6733629
18.0432	677.6736035
18.0576	677.6739774
18.072	677.6748045
18.0876	677.67562
18.1008	677.676457
18.1152	677.6772971
18.1296	677.6779684
18.144	677.6788147
18.1596	677.6796321
18.1728	677.6805784
18.1872	677.6814568
18.2004	677.6824511
18.216	677.6833242
18.2304	677.684095
18.2448	677.6848559
18.2592	677.685324
18.2736	677.6856008
18.288	677.6858171
18.3012	677.6862474
18.3144	677.6868935
18.3312	677.687652
18.3444	677.6883467
18.3588	677.6889683
18.3732	677.6896103
18.3864	677.6903391
18.402	677.6909697
18.4164	677.6917296
18.4308	677.6925865
18.4452	677.6936464
18.4572	677.6945004
18.4728	677.6953249
18.4872	677.6961846
18.5028	677.6970192
18.5148	677.6978609
18.528	677.6987328
18.5424	677.6997323
18.5568	677.7006653
18.5724	677.7012649
18.5856	677.7018105
18.5988	677.7022509
18.612	677.7028202
18.6264	677.7034068
18.6408	677.7040509
18.6552	677.7048773
18.6708	677.7057194
18.6852	677.7065792
18.6984	677.7074549
18.7128	677.7081442
18.7272	677.7086738
18.738	677.70906
18.7536	677.7094812
18.768	677.7100318
18.786	677.7107764
18.8028	677.7114681
18.8184	677.7121244
18.8364	677.7128728
18.8532	677.7135127
18.87	677.7140808
18.8844	677.7146212
18.9012	677.7155705
18.918	677.7165098
18.9336	677.7173409
18.9492	677.7181052
18.9636	677.7187402
18.9792	677.7193881
18.996	677.7202548
19.0092	677.7210787
19.0236	677.721851
19.0368	677.7225171
19.0512	677.723323
19.0656	677.7240708
19.08	677.7248562
19.0956	677.7255065
19.1088	677.7260886
19.1244	677.7267596
19.1388	677.7272387
19.152	677.7276649
19.1676	677.7280931
19.182	677.728597
19.1964	677.7291104
19.2096	677.7295637
19.224	677.7302926
19.2396	677.7311124
19.2528	677.7319868
19.2672	677.7329324
19.2804	677.7338619
19.296	677.7346523
19.3104	677.7354932
19.3248	677.7362253
19.3392	677.7370907
19.3524	677.7377558
19.3656	677.7385383
19.38	677.7390877
19.3932	677.7396503
19.4088	677.7402884
19.4232	677.7411835
19.4376	677.7424518
19.452	677.7437145
19.4652	677.7446989
19.4808	677.7455337
19.4952	677.7463687
19.5096	677.7470205
19.524	677.7475692
19.5384	677.7482809
19.5528	677.7488253
19.5672	677.749531
19.5816	677.7501853
19.596	677.7507005
19.6092	677.7511897
19.6248	677.7517909
19.638	677.7524138
19.6536	677.7533287
19.668	677.7540915
19.6824	677.7546504
19.698	677.7553293
19.7124	677.7558433
19.7268	677.7563814
19.7412	677.757027
19.752	677.7576557
19.7676	677.7584394
19.782	677.7596794
19.7976	677.7608082
19.8108	677.7615741
19.824	677.7623601
19.8396	677.762921
19.8528	677.7633148
19.8672	677.7638756
19.8816	677.7646674
19.896	677.7653428
19.9116	677.7660176
19.926	677.7667783
19.9416	677.7676281
19.9548	677.768247
19.968	677.7687525
19.9836	677.7694391
19.9968	677.7702349
20.0124	677.7710182
20.0268	677.771828
20.04	677.7725223
20.0532	677.7730288
20.0664	677.7736652
20.0796	677.7744321
20.094	677.7750889
20.1072	677.7756464
20.1204	677.7763609
20.1348	677.777067
20.1492	677.7775845
20.1624	677.7781369
20.1792	677.7786889
20.1936	677.7793663
20.2068	677.7799884
20.22	677.7809933
20.2332	677.7818705
20.2476	677.7827277
20.262	677.7836055
20.2764	677.7843806
20.2908	677.785254
20.3052	677.7859523
20.3208	677.786738
20.334	677.7873504
20.3496	677.7879074
20.364	677.7883256
20.3784	677.7886745
20.394	677.7892339
20.4072	677.789719
20.4216	677.790113
20.4372	677.7908566
20.4504	677.7918195
20.4648	677.7926584
20.4792	677.7934438
20.4936	677.794381
20.508	677.7951909
20.5212	677.7959043
20.538	677.7966639
20.5512	677.7974558
20.5656	677.7982624
20.58	677.7990113
20.5944	677.7995628
20.61	677.8000883
20.6232	677.8006898
20.6388	677.801381
20.6532	677.8019775
20.6676	677.8025563
20.6832	677.8032584
20.6976	677.8039508
20.712	677.8046523
20.7276	677.805583
20.7408	677.8064214
20.7552	677.8073118
20.7684	677.8165592
20.7816	677.8784691
20.796	678.0297205
20.8092	678.2800469
20.8236	678.785714
20.8368	679.3603051
20.8512	680.1060273
20.8656	680.8628302
20.8788	681.8449053
20.8932	682.9139695
20.9076	684.0040116
20.922	685.3057698
20.9364	686.6105176
20.9508	688.0062005
20.9652	689.6071112
20.9796	691.1639123
20.994	692.67846
21.0084	694.4340213
21.024	696.1314435
21.0396	698.0614909
21.054	699.887457
21.0696	701.9349976
21.0828	703.8486042
21.0972	705.9526687
21.1128	708.0631745
21.1272	709.9970315
21.1428	712.0952435
21.1572	714.1714343
21.1716	716.2217932
21.186	718.0786026
21.2004	719.9164485
21.216	722.0663287
21.2316	724.0330921
21.2436	725.9889424
21.2592	727.7741769
21.2724	729.7060094
21.288	731.6187138
21.3036	733.5049307
21.3168	735.505539
21.3312	737.4554963
21.3444	739.0662786
21.36	740.7870674
21.3756	742.3377806
21.39	744.0097518
21.4044	745.6677476
21.4176	747.1792386
21.432	748.6829206
21.4476	750.1766727
21.462	751.7948078
21.4764	753.4049566
21.4896	755.1521969
21.504	756.9092474
21.5184	758.5383377
21.5316	760.168883
21.546	761.6619726
21.5604	763.2918802
21.5748	764.9286334
21.5892	766.5784079
21.6024	768.3832004
21.6168	769.7849953
21.6312	771.6282582
21.6456	773.2051733
21.66	774.9411982
21.6744	776.6918964
21.6888	778.3074463
21.7032	780.2237806
21.7176	781.9981207
21.7308	783.7819736
21.744	785.7275342
21.7596	787.5349982
21.774	789.5028989
21.7896	791.3270746
21.804	793.158695
21.8172	795.1495371
21.8328	796.9943622
21.846	798.8508287
21.8616	800.7151795
21.8748	802.3440836
21.8892	803.857757
21.9036	805.0330157
21.918	805.9082557
21.9336	806.5165688
21.948	806.9627243
21.9612	807.4252133
21.9768	807.7251308
21.9912	807.9546102
22.0056	808.0854745
22.02	808.1315604
22.0332	808.1528408
22.0488	808.1890827
22.0632	808.2576788
22.0764	808.3302438
22.0896	808.3616463
22.104	808.3246186
22.1184	808.1565919
22.1316	807.7397898
22.1472	807.0575841
22.1604	806.1156254
22.176	805.2133669
22.1916	804.4641755
22.206	803.7566089
22.2204	803.3200824
22.2348	802.9831197
22.2492	802.7397042
22.2636	802.5853517
22.278	802.4962
22.2936	802.4900666
22.308	802.5144382
22.3212	802.5964308
22.3368	802.7568336
22.3512	802.9926942
22.3668	803.2346186
22.38	803.5439438
22.3944	803.8440449
22.41	804.1366197
22.4232	804.4113153
22.4388	804.7259488
22.4532	805.0139329
22.4676	805.3574997
22.482	805.7820013
22.4964	806.1346628
22.5108	806.4764717
22.5252	806.735934
22.5372	806.9510169
22.5516	807.0945258
22.566	807.1690432
22.5804	807.1821809
22.596	807.1814351
22.6092	807.1801897
22.6236	807.1674069
22.638	807.1092001
22.6512	806.9794156
22.6656	806.7645126
22.68	806.5621837
22.6956	806.307327
22.71	806.0829262
22.7244	805.8515797
22.7376	805.6315245
22.752	805.4131838
22.7688	805.190397
22.7832	804.9721782
22.7976	804.7672158
22.8096	804.5996412
22.824	804.4603056
22.8396	804.3438825
22.854	804.2712958
22.8684	804.2261561
22.8828	804.2209106
22.896	804.2211575
22.9116	804.2204686
22.9248	804.199714
22.9392	804.0998246
22.9536	803.8997347
22.968	803.5199977
22.9836	803.0413645
22.9968	802.5461654
23.0112	802.1421846
23.0256	801.7728349
23.04	801.4864892
23.0556	801.2135232
23.0688	800.8845071
23.0844	800.5081432
23.0988	800.093011
23.1132	799.6939718
23.1276	799.2315528
23.142	798.6624229
23.1576	798.0965296
23.1708	797.3779452
23.184	796.6270041
23.1996	795.7246374
23.214	794.774954
23.2284	793.9009483
23.2404	792.9751803
23.2548	792.0952733
23.2692	790.3496634
23.2824	789.6591742
23.298	788.8193595
23.3124	787.884162
23.3268	786.991584
23.3412	786.0628147
23.3556	785.2583776
23.37	784.1807245
23.3844	783.257768
23.3988	782.1791716
23.412	781.2911124
23.4264	780.3546135
23.442	779.3755506
23.4564	778.5039078
23.4696	777.668915
23.484	776.9972975
23.4972	776.2138615
23.5116	775.5095137
23.5248	774.8746205
23.5404	774.1116672
23.5536	773.405645
23.568	772.6273884
23.5824	771.8398951
23.5968	771.0428483
23.6112	770.3076441
23.6244	769.5752572
23.64	768.7821385
23.6556	768.062707
23.67	767.2932353
23.6844	766.6020482
23.6976	765.8563307
23.712	765.1641035
23.7264	764.3008197
23.7408	763.3446744
23.7564	762.4440381
23.7696	761.3588205
23.784	760.3719811
23.7996	759.2115749
23.814	757.7585275
23.8296	756.4691647
23.8428	754.8807951
23.856	753.4821034
23.8716	751.8962805
23.8848	750.2521402
23.8992	748.5533777
23.9136	746.8028418
23.928	744.8423588
23.9436	742.965138
23.9568	741.0097874
23.9724	739.1467477
23.9868	737.0502704
24.0012	735.0866239
24.0156	733.102352
24.03	731.1134491
24.0444	729.1357952
24.06	726.819582
24.072	724.8778644
24.0864	722.624163
24.0996	720.5894664
24.114	718.5956891
24.1272	716.6398097
24.1416	714.878124
24.156	712.9853341
24.1692	711.1172401
24.1836	709.426345
24.198	707.6030721
24.2124	705.6529936
24.2268	703.8778294
24.24	702.1292106
24.2556	700.4097004
24.2688	698.7127302
24.2808	697.1703567
24.294	695.3636993
24.3072	693.846262
24.3216	692.3314014
24.336	690.6752765
24.3516	689.1497278
24.366	687.4719193
24.3804	685.9182969
24.3948	684.2013644
24.408	682.6060628
24.4236	680.8440237
24.4356	679.0647111
24.4524	677.1231771
24.4668	675.3160163
24.4812	673.4971602
24.4968	671.6734888
24.51	669.8429804
24.5256	668.003375
24.54	666.1559448
24.5544	664.3059873
24.57	662.4604548
24.5844	660.4664808
24.6	658.6265377
24.6144	656.6288971
24.6288	654.7812547
24.6432	653.0905632
24.6564	651.1059774
24.6708	649.4429495
24.6864	647.4940023
24.6996	645.7076757
24.714	644.0811073
24.7272	642.3170556
24.7416	640.7056185
24.756	638.9516883
24.7692	637.3436146
24.7836	635.583812
24.798	633.8192649
24.8124	632.0533078
24.8268	630.2874206
24.84	628.5215066
24.8556	626.7566084
24.8688	625.1354944
24.8832	623.3604666
24.8976	621.5879131
24.912	619.8213457
24.9276	618.197772
24.942	616.5670553
24.9564	614.7798855
24.9708	613.1357482
24.984	611.4892908
24.9996	609.5408493
25.014	607.5879725
25.0296	605.7853353
25.0428	603.8379421
25.0584	601.897554
25.074	599.9691661
25.0884	598.3435967
25.1028	596.5686208
25.1172	594.6448909
25.1304	592.8683695
25.146	589.602395
25.1604	587.9700535
25.176	586.0430537
25.1904	584.2659682
25.2036	582.4926219
25.218	580.5764075
25.2324	578.8086702
25.248	576.8975958
25.2624	575.2839627
25.2756	573.5221485
25.2912	571.9038658
25.3056	570.2853335
25.32	568.3711419
25.3356	566.6001613
25.3488	564.8300168
25.3644	563.058181
25.3776	561.4257166
25.392	559.6427175
25.4064	557.8684937
25.4196	556.0997519
25.4352	554.3326883
25.4484	552.5680323
25.464	550.6570197
25.4796	548.7421672
25.494	546.8189827
25.5084	545.039751
25.5216	543.4111863
25.536	541.6393458
25.5504	539.8701844
25.5612	538.1048525
25.5744	536.3406095
25.5888	534.7211961
25.602	532.9599549
25.614	531.2080036
25.6284	529.3112943
25.644	527.5548481
25.6584	525.93922
25.674	524.1732397
25.6884	522.5541015
25.7028	520.7911849
25.7172	519.1781207
25.7292	517.4214096
25.7436	515.5145151
25.758	514.0421684
25.7736	512.1250627
25.788	510.3570974
25.8012	508.5937312
25.8168	506.6916823
25.8312	505.0868755
25.8456	503.3330175
25.86	501.57369
25.8744	499.8119855
25.8888	498.0511449
25.902	496.2944084
25.9164	494.39217
25.9308	492.6342475
25.944	490.8786977
25.9596	488.9768598
25.9752	487.2193899
25.9908	485.4621886
26.0052	483.5602917
26.0196	481.9529179
26.034	480.0599879
26.0484	478.3155094
26.0628	476.561113
26.076	474.7974173
26.0892	473.0327939
26.1036	471.1303383
26.118	469.5298529
26.1324	467.7881631
26.1468	466.1877927
26.16	464.4328439
26.1756	462.5279402
26.1888	460.9184411
26.2044	459.1670483
26.2188	457.564023
26.2332	455.8152965
26.2488	453.9169848
26.262	452.018386
26.2764	450.1284326
26.2908	448.3894292
26.304	446.7936373
26.3196	444.8974441
26.334	443.2868036
26.3496	441.5345583
26.364	439.4977763
26.3772	437.8971999
26.3916	436.1522481
26.406	434.5530251
26.4204	432.8061613
26.4348	430.9157368
26.448	429.1749253
26.4624	427.2913028
26.4768	425.6954617
26.4924	423.8064938
26.5068	422.065352
26.52	420.3286779
26.5356	418.4366907
26.55	416.535752
26.5644	414.9298908
26.5788	413.1838012
26.5932	411.5857519
26.6088	409.8506739
26.6232	408.1167993
26.6388	406.3708143
26.6532	404.4755978
26.6676	402.5880624
26.6832	400.7013736
26.6988	398.9664939
26.712	397.2428808
26.7264	395.5142117
26.7408	393.9195973
26.754	392.030757
26.7684	390.4320702
26.784	388.6907437
26.7972	386.9606638
26.8104	385.3794719
26.8248	383.5016606
26.8404	381.7587736
26.8548	380.1594658
26.8692	378.2753414
26.8836	376.5418567
26.898	374.8044344
26.9124	373.0662613
26.9268	371.4812537
26.9412	369.6053711
26.9556	367.8657598
26.9712	365.9852112
26.9844	364.2549656
26.9988	362.5274838
27.012	360.796951
27.0252	359.2094816
27.0396	357.3397826
27.0552	355.7605129
27.0696	354.0350282
27.084	352.1540421
27.0996	350.5551992
27.114	348.8132471
27.1284	347.0836788
27.1428	345.5077811
27.156	343.7894182
27.1692	342.0642194
27.1848	340.1843812
27.2004	338.4475106
27.2136	336.8623922
27.2268	336.2869887
27.24	334.8466566
27.2544	333.260434
27.2676	331.5374282
27.282	329.817438
27.2964	328.2351149
27.3108	326.360503
27.3252	324.6314119
27.3396	322.9066664
27.3552	321.1842677
27.3684	319.605112
27.3828	317.7411017
27.3984	316.1658482
27.4092	314.3037682
27.426	312.5821808
27.4404	311.0028944
27.4548	309.2858142
27.4704	307.5846524
27.4836	305.7792619
27.4992	304.2838221
27.5124	302.8155811
27.5268	301.2541982
27.54	299.8627714
27.5532	298.2632193
27.5676	296.830258
27.582	295.4225107
27.5976	294.1477246
27.612	292.7937247
27.6252	291.3379736
27.6408	289.8785651
27.6552	288.6706526
27.6696	287.2992157
27.7128	286.1912074
27.7284	285.0342615
27.744	284.0187811
27.7596	282.9325098
27.774	281.8670677
27.7884	280.9037783
27.8028	279.746488
27.8172	278.7011787
27.8316	277.634464
27.8448	276.7095419
27.8604	275.8180976
27.8748	274.9411562
27.888	274.0641698
27.9024	273.184895
27.9156	272.2375397
27.9312	271.4300881
27.9444	270.5375721
27.9588	269.5659117
27.9732	268.5884844
27.9876	267.5711565
28.002	266.5749088
28.0164	265.572092
28.0308	264.5698509
28.0452	263.6356037
28.0584	262.6866322
28.0728	261.9299798
28.0884	261.107739
28.104	260.2152124
28.1184	259.2610114
28.1328	258.285246
28.1484	257.3634029
28.1628	256.5012135
28.176	255.7258124
28.1916	254.77581
28.2048	253.6743129
28.2192	252.6583332
28.2324	251.59578
28.2468	250.655493
28.26	248.9946809
28.2732	248.1293066
28.2864	247.2115309
28.3008	246.3276565
28.3152	245.2747203
28.3284	244.3436389
28.3428	243.4549902
28.3572	242.5845997
28.3716	241.7126016
28.386	240.885122
28.4004	240.026975
28.416	238.9796971
28.4316	237.9036837
28.4448	236.942988
28.4604	236.1190773
28.4748	235.2151717
28.488	234.4093196
28.5024	233.5168912
28.5168	232.6061785
28.5324	231.849932
28.5456	231.0497361
28.56	230.2649258
28.5744	229.407097
28.5888	228.60109
28.6044	227.7601472
28.6188	226.8248285
28.632	225.9613883
28.6476	225.1225719
28.6572	224.2467674
28.6716	223.5242648
28.6824	222.7370999
28.698	222.0127973
28.7124	221.1458706
28.7268	220.3247517
28.7412	219.5595383
28.7556	216.3842935
28.77	215.3519191
28.7844	214.5264764
28.8	213.7048716
28.8156	212.8246269
28.8288	211.8767385
28.8444	210.8355653
28.8588	209.272757
28.872	208.4846054
28.8876	207.5941076
28.9008	206.7662316
28.9152	205.9747896
28.9296	205.3048307
28.944	204.634525
28.9596	203.9638458
28.9728	203.1416945
28.9884	202.3271133
29.0028	201.5285613
29.016	200.7832859
29.0304	200.084769
29.0448	199.3916523
29.0592	198.7357223
29.0736	198.0087067
29.088	197.1740883
29.1036	196.4742753
29.118	195.8334201
29.1324	195.0840156
29.1468	194.3938586
29.1612	193.6995609
29.1768	193.0135855
29.1912	192.3427167
29.2056	191.6837643
29.22	190.9582527
29.2344	189.5475417
29.2488	188.8817693
29.262	188.2123219
29.2764	187.4859292
29.2908	186.6589604
29.304	185.9175512
29.3196	185.2048242
29.3328	184.621188
29.3472	183.9813463
29.3616	183.2270586
29.376	182.5883953
29.3892	181.8999591
29.4024	181.2749844
29.4168	180.5428406
29.4312	179.9828202
29.4468	179.3111293
29.46	178.5447141
29.4744	177.7937047
29.49	177.0857961
29.5032	176.2926781
29.5176	175.5598934
29.5308	174.8371935
29.5452	174.1787811
29.5608	173.5661417
29.574	172.8060066
29.5896	171.9721468
29.604	170.9751773
29.6172	170.1450583
29.6328	169.3677706
29.6472	168.652
29.6628	167.929301
29.6748	167.1900933
29.6892	166.4979203
29.7036	165.8770186
29.718	165.2238973
29.7336	164.6439264
29.748	164.0183396
29.7624	163.4282456
29.778	162.7550223
29.7924	162.0674325
29.8068	160.7530298
29.8212	160.066998
29.8356	159.3760324
29.85	158.7410508
29.8644	158.0340678
29.8788	157.2607378
29.892	156.5524768
29.9064	155.8816546
29.9208	155.2577841
29.9352	154.6404212
29.9496	154.0288154
29.964	153.4231971
29.9784	152.8100984
29.994	152.1388569
30.006	151.5456442
30.0216	150.9787509
30.036	150.4216892
30.0492	149.8128035
30.0636	149.2194356
30.078	148.5901016
30.0912	147.9375465
30.1056	147.3266914
30.12	146.2895297
30.1344	145.7287556
30.1488	145.1227623
30.1644	144.5123159
30.1764	143.9231708
30.1908	143.3431195
30.2052	142.7685263
30.2184	142.2535976
30.2328	141.6757175
30.2472	141.0724821
30.2628	140.4476593
30.276	139.8126457
30.2892	139.1761668
30.3036	138.5384467
30.318	137.9056113
30.3336	137.2791842
30.348	136.6413322
30.3612	136.0527081
30.3756	135.4702769
30.39	134.8359813
30.4056	134.2488709
30.42	133.6304865
30.4332	133.0866306
30.4488	132.5118471
30.4632	131.9401131
30.4788	131.3668535
30.4932	130.6720806
30.5076	129.9433426
30.5232	129.2729906
30.5376	127.9560278
30.5508	127.1892017
30.5652	126.5210674
30.5772	125.841255
30.5928	125.2355072
30.6072	124.6352488
30.6228	124.0595585
30.6372	123.5322155
30.6504	122.8530975
30.6648	122.1644403
30.6792	121.41129
30.6948	120.7143932
30.7092	120.0635015
30.7236	119.4300089
30.7392	118.8004629
30.7524	118.1990175
30.768	117.6385274
30.7836	117.0858129
30.798	116.425226
30.8136	115.7453862
30.8256	114.9920458
30.84	114.3722176
30.8544	113.7633996
30.8676	113.1543696
30.882	112.5448724
30.8952	111.8938506
30.9096	111.2996599
30.9252	110.713756
30.9396	110.1460576
30.9528	109.4975267
30.9672	108.9603212
30.9828	108.4115544
30.996	107.812074
31.0104	107.2814808
31.026	106.7545793
31.0404	106.172316
31.056	105.5715283
31.0704	105.0209552
31.0848	104.4872875
31.1016	103.931781
31.1148	103.4443166
31.1292	102.8689327
31.1448	102.3776008
31.1592	101.8353784
31.1712	101.2912665
31.1844	100.8005929
31.1988	100.2678706
31.212	99.77476067
31.2252	99.24279644
31.2396	98.67083793
31.254	98.04656886
31.2684	97.55151105
31.2828	96.99289963
31.296	96.4670793
31.3116	96.04558702
31.326	95.59136721
31.3404	95.13920707
31.3536	94.65238057
31.368	94.16177604
31.3836	93.68931118
31.3968	93.13884122
31.4112	92.5726214
31.4244	91.91597952
31.4388	91.32243349
31.4532	90.70963373
31.4676	90.16584228
31.4832	89.64033761
31.4964	89.07685267
31.5108	88.56710619
31.5252	88.03271285
31.5396	87.47056676
31.554	86.96885527
31.5684	86.48463146
31.5828	86.01251904
31.596	85.57370332
31.6092	85.06090272
31.6236	84.44427203
31.6368	83.72666502
31.6512	83.08843042
31.6656	82.44658499
31.68	81.82896872
31.6956	81.30634072
31.71	80.83473724
31.7256	80.44606387
31.74	79.97453223
31.7532	79.53996164
31.7676	79.06322267
31.782	78.58253659
31.7964	78.09658354
31.8108	77.58315156
31.824	77.04434236
31.8396	75.88056141
31.854	75.37861702
31.8696	74.83856521
31.884	74.34542065
31.8972	73.86324008
31.9116	73.34184228
31.9248	72.80366871
31.9392	72.23741513
31.9536	71.70128322
31.968	71.12790339
31.9836	70.57400842
31.9968	70.03437921
32.0124	69.50746836
32.0268	69.02507399
32.0412	68.56075039
32.0556	68.10828412
32.0688	67.59564927
32.0832	67.09418976
32.0976	66.60916854
32.1108	66.15669878
32.1252	65.67994856
32.1384	65.21651469
32.1528	64.80123551
32.1672	64.39329983
32.1816	64.01867862
32.1948	63.60524268
32.208	63.2302126
32.2236	62.8224257
32.238	62.41939458
32.2524	61.98448149
32.2668	61.57951197
32.28	61.17466751
32.2956	60.72028674
32.31	60.2535691
32.3256	59.77115795
32.34	59.31739183
32.3544	58.74409569
32.3688	58.28001109
32.382	57.79553319
32.3976	57.3676577
32.4096	56.94763996
32.424	56.56134596
32.4384	56.08570118
32.4516	55.59087819
32.466	55.07576585
32.4804	54.55686863
32.4948	54.07899847
32.508	53.6170965
32.5224	53.15865859
32.5368	52.65327786
32.55	52.09187914
32.5656	51.59975404
32.58	51.11673013
32.5932	50.60167131
32.6088	50.13453446
32.622	49.57179411
32.6364	49.09051841
32.6496	48.57287464
32.664	48.14564593
32.6784	47.67350042
32.6916	47.16755695
32.706	46.75209335
32.7204	46.21939834
32.7348	45.77642472
32.7492	45.30042326
32.7624	44.88227473
32.778	44.40948393
32.7924	43.97320536
32.808	43.46945479
32.8236	42.97921409
32.838	42.51015196
32.8536	41.97678196
32.868	41.54443437
32.8812	41.04583569
32.898	40.62534227
32.9112	40.20104647
32.9256	39.78826107
32.94	39.42295115
32.9532	39.03070657
32.9676	38.68097427
32.9808	38.23695054
32.9952	37.88907606
33.0072	37.37685543
33.0216	36.86509031
33.036	36.35855059
33.0492	35.86842869
33.0636	35.39365045
33.0768	34.98106559
33.0912	34.52306948
33.1044	33.63232745
33.12	33.22800118
33.1344	32.73067584
33.1476	32.2137905
33.1632	31.36162301
33.1776	30.92388416
33.192	30.55045578
33.2064	30.13791417
33.2208	29.74593137
33.2352	29.3786198
33.2484	29.02243992
33.264	28.6117845
33.2796	27.76842595
33.2928	27.33248272
33.3072	26.91348103
33.3216	26.44238987
33.336	25.95074034
33.3516	25.3987215
33.366	24.84685257
33.3816	24.34241504
33.396	23.84765126
33.4092	23.36087595
33.4236	22.84302857
33.438	22.37357261
33.4536	21.90299514
33.468	21.42940732
33.4812	20.91242578
33.4956	20.49447344
33.5088	20.04093061
33.5244	19.63009202
33.5376	19.12251244
33.552	18.64774377
33.5676	18.13092974
33.5808	17.59184222
33.5964	17.12315672
33.6096	16.65003705
33.624	16.23828046
33.6384	15.86925262
33.6516	15.47035195
33.666	15.10470065
33.6792	14.68059431
33.6948	14.42279021
33.7212	14.32324846
33.7368	14.31672679
33.7656	14.3141083
33.7788	14.31085878
33.7932	14.30396182
33.8076	14.29789915
33.8208	14.29168775
33.8352	14.28836705
33.8484	14.28559194
33.8628	14.28423343
33.876	14.28648972
33.8892	14.2898577
33.9036	14.29395876
33.918	14.29615556
33.9324	14.29978049
33.948	14.30324194
33.9612	14.30630189
33.9756	14.30901417
33.9876	14.31197278
34.0008	14.31736247
34.0128	14.32011924
34.0284	14.32297377
34.0404	14.32526611
34.0668	14.3288952
34.08	14.33048277
34.0944	14.32885241
34.1052	14.32803158
34.1196	14.32871487
34.1316	14.32809742
34.146	14.32853832
34.158	14.32947244
34.1724	14.32903644
34.1868	14.32807383
34.2	14.32637529
34.2132	14.32482845
34.2252	14.32310183
34.2396	14.2431058
34.2516	14.24002664
34.2648	14.23721587
34.278	14.23438709
34.2924	14.23159913
34.3056	14.22763642
34.32	14.22176395
34.3464	14.21577691
34.362	14.20886465
34.374	14.20173567
34.3884	14.19639014
34.3992	14.19359097
34.4124	14.19530366
34.4232	14.1975144
34.4376	14.21169291
34.4652	14.23463698
34.4796	14.27474056
34.494	14.35955208
34.5072	14.48801105
34.5204	14.65399929
34.5336	14.8138529
34.5456	14.91489191
34.56	15.16556319
34.572	15.36605502
34.584	16.22755225
34.5972	16.3228095
34.6092	16.42750869
34.6236	16.54863819
34.638	16.7511199
34.6524	16.96511831
34.6656	17.2700487
34.6944	17.58187463
34.7052	17.90341035
34.7208	18.19703017
34.734	18.5827037
34.7472	18.92427593
34.7604	19.30546526
34.7748	19.65678045
34.788	19.97704996
34.8	20.30830259
34.8144	20.71708677
34.8264	21.17041404
34.842	21.78511678
34.8528	22.61892256
34.866	23.41744532
34.8804	24.39432931
34.8936	25.37351497
34.9068	26.46884808
34.92	27.81015492
34.9332	29.11937865
34.9452	30.60103369
34.9596	32.08318479
34.9716	33.26971078
34.986	34.56520173
34.9992	35.72922838
35.0136	37.12747019
35.0244	38.49444997
35.0388	41.11497888
35.0508	42.38340163
35.064	43.66945657
35.0784	45.58605404
35.0904	47.53418204
35.1048	49.4745707
35.1168	54.14364242
35.13	56.20749895
35.142	58.10853913
35.1552	59.83188926
35.1696	61.35816216
35.1828	62.75793203
35.1948	64.36015016
35.208	67.04769038
35.2212	68.60708283
35.2356	70.07409821
35.25	71.74710307
35.262	73.41478414
35.2752	75.08434052
35.2884	76.7251764
35.3016	78.47198306
35.3148	79.699161
35.328	81.19700343
35.3424	82.6815957
35.3556	84.31172983
35.3688	85.75493872
35.3808	87.01778473
35.394	88.26918291
35.4084	89.79806013
35.4228	91.17794641
35.4348	92.52930535
35.448	93.72670896
35.4624	95.02586997
35.4756	96.35510263
35.4876	97.46834878
35.5008	98.46034894
35.5152	99.34649159
35.5284	100.0500323
35.5428	100.8610867
35.556	101.4973878
35.568	102.397603
35.5824	103.0346074
35.5956	103.5973221
35.6088	104.0198122
35.6244	104.4105708
35.6388	104.6594667
35.6508	104.9028746
35.664	105.1039697
35.6772	105.2901895
35.6892	105.4851667
35.7024	105.7335879
35.7132	106.0043868
35.7276	106.2819096
35.7408	106.555262
35.7564	106.8721
35.7696	107.1421533
35.7828	107.3475862
35.7948	107.5472867
35.808	107.7595663
35.8212	107.9215623
35.8332	108.0425327
35.8488	108.0860659
35.8596	108.0847216
35.8728	108.0835045
35.8872	108.0822479
35.9004	108.0824356
35.9124	108.08918
35.9256	108.1077915
35.9364	108.1540213
35.9508	108.2245524
35.9628	108.3210311
35.976	108.3879549
35.9904	108.4237936
36.0012	108.4250481
36.0144	108.4256703
36.0264	108.4243934
36.0408	108.4487098
36.054	108.6966569
36.0684	109.2649239
36.0816	109.8938858
36.096	110.5020922
36.1092	111.191054
36.1236	111.7740322
36.1392	112.4374663
36.1524	112.6641751
36.1668	112.4513874
36.1788	112.0171904
36.192	111.279934
36.2052	110.5555754
36.2172	109.5102978
36.2304	108.6573382
36.2424	107.7275535
36.2568	106.9386398
36.27	105.8160635
36.2832	104.9002053
36.294	103.6851024
36.3072	102.8869665
36.318	101.9100183
36.3336	101.1447538
36.3468	100.2888515
36.36	99.44057478
36.3744	98.51849496
36.3852	97.71474195
36.3996	96.85052634
36.4116	96.0923197
36.4272	95.27477013
36.4392	94.41267435
36.4536	93.73079572
36.4668	93.0623866
36.48	92.41213862
36.4932	91.71442519
36.5052	91.04109123
36.5184	90.38959457
36.5304	89.87666808
36.546	89.16859298
36.558	88.58921159
36.5736	88.01474163
36.5868	87.44977123
36.6	86.82608415
36.6132	86.25546651
36.6252	85.53977818
36.6384	84.82514471
36.6492	84.18706235
36.6636	83.61644257
36.6768	82.97161934
36.69	82.3893992
36.7032	81.74714048
36.7164	81.12294277
36.7296	80.51521064
36.7428	79.92324815
36.756	79.28944804
36.768	78.79036847
36.7812	78.2574976
36.7932	77.74699947
36.8076	77.21416194
36.8208	76.80550206
36.8352	76.37714406
36.8472	76.01380294
36.8616	75.62411543
36.876	75.28681508
36.8892	74.89466268
36.9024	74.62480802
36.9156	74.27290292
36.9288	73.99877266
36.9432	73.70720797
36.9576	73.42622469
36.9708	73.15342366
36.984	72.93983778
36.9972	72.70592067
37.0092	72.4274267
37.02	72.20929709
37.0332	71.99916271
37.0476	71.79841089
37.0608	71.56293665
37.074	71.40148993
37.0872	71.24486292
37.1016	71.04701097
37.1136	70.85972131
37.128	70.670842
37.1424	70.47478751
37.1544	70.27141851
37.17	70.04140731
37.182	69.83150964
37.1952	69.59641373
37.2072	69.33523003
37.2192	69.12274341
37.2312	68.91335361
37.2444	68.70882625
37.2564	68.46680754
37.2684	68.235797
37.2816	68.03832531
37.296	67.86928894
37.3092	67.6708153
37.3212	67.52949295
37.3356	67.31810417
37.35	67.14205232
37.3644	66.96690157
37.3776	66.82963601
37.392	66.67863881
37.4052	66.53061679
37.4184	66.36933894
37.4316	66.21421089
37.446	66.06807
37.4604	65.95797795
37.4724	65.82358709
37.4868	65.70368092
37.4988	65.54981542
37.512	65.45413925
37.5252	65.32709504
37.5372	65.23717612
37.5516	65.12695057
37.566	65.01776849
37.5816	64.89691884
37.5924	64.79823265
37.6068	64.69784657
37.6188	64.58735342
37.632	64.49727095
37.6464	64.37919848
37.6572	64.26197902
37.6728	64.11973608
37.686	64.02403412
37.6992	63.90599516
37.7112	63.80275286
37.7244	63.70088361
37.7364	63.60128777
37.7508	63.49411705
37.7628	63.40537851
37.776	63.32441716
37.7904	63.2425142
37.8048	63.16071908
37.8192	63.10643906
37.8312	63.04967315
37.8468	62.99176987
37.8588	62.94010817
37.872	62.89166321
37.8852	62.85676842
37.8972	62.82712912
37.9104	62.79844232
37.9224	62.76209273
37.9356	62.73297155
37.9476	62.70368961
37.9608	62.67817299
37.9728	62.65155938
37.9872	62.62834579
37.9992	62.60539014
38.0124	62.58467865
38.0256	62.56117455
38.0388	62.53749108
38.052	62.51169669
38.0652	62.48186831
38.0796	62.44689829
38.0928	62.40789342
38.106	62.3643501
38.118	62.31443619
38.1312	62.2581936
38.1456	62.20358356
38.1588	62.13892077
38.1708	62.07222648
38.184	62.0094299
38.1972	61.93516259
38.2092	61.85849585
38.2224	61.79062165
38.2356	61.73162094
38.2488	61.66038324
38.262	61.58443295
38.2752	61.52104303
38.2884	61.45642915
38.3016	61.38533411
38.316	61.329519
38.3292	61.25382922
38.3436	61.1874173
38.3568	61.11224346
38.37	61.05903575
38.3844	61.00944699
38.3988	60.96740894
38.4096	60.91083835
38.4228	60.85796293
38.4348	60.80259864
38.448	60.7564768
38.4612	60.69715281
38.4744	60.6367117
38.4888	60.56804824
38.502	60.50274851
38.5152	60.441786
38.526	60.37282519
38.5404	60.30269058
38.5548	60.23211595
38.568	60.16218449
38.5824	60.09335488
38.5944	60.03210233
38.6076	59.97050953
38.622	59.91421239
38.6352	59.84311127
38.6472	59.77182995
38.6616	59.70840438
38.6736	59.65253335
38.6868	59.59010875
38.7	59.52740793
38.712	59.46455864
38.7264	59.39566635
38.7384	59.33373543
38.7516	59.26734734
38.7648	59.20983637
38.7792	59.14862191
38.7924	59.09338472
38.8068	59.03580884
38.8188	58.98035968
38.832	58.93383598
38.8452	58.8892807
38.856	58.8409955
38.8716	58.80220442
38.8848	58.75427993
38.8992	58.71596791
38.9124	58.66760675
38.9256	58.61964402
38.9376	58.57184829
38.952	58.53423158
38.9664	58.49942333
38.9796	58.47750872
38.994	58.45232231
39.006	58.43034542
39.0192	58.4089122
39.0312	58.38769894
39.0456	58.36382555
39.0576	58.34200974
39.072	58.32182538
39.0864	58.29383414
39.0984	58.26706481
39.1128	58.24053033
39.126	58.21696751
39.1392	58.18850065
39.1512	58.16109161
39.1656	58.13333365
39.1776	58.10423954
39.1908	58.07232242
39.2028	58.04064902
39.216	58.00361644
39.2316	57.96686718
39.2448	57.93254002
39.258	57.89191098
39.2712	57.85365228
39.2844	57.81385533
39.2964	57.77308559
39.3108	57.72509427
39.3228	57.6829784
39.336	57.64496701
39.3492	57.60648583
39.36	57.56697783
39.3732	57.52967823
39.3852	57.47670772
39.3996	57.43254756
39.4128	57.38663875
39.426	57.33871442
39.438	57.28334857
39.4524	57.2306684
39.4656	57.17580239
39.4788	57.11442717
39.4908	57.06058488
39.504	56.99317156
39.5184	56.94188678
39.5292	56.89467795
39.5448	56.85384774
39.5568	56.81087441
39.57	56.78394668
39.5832	56.76268647
39.5976	56.75559974
39.6084	56.74649475
39.6228	56.73910181
39.6348	56.74259494
39.648	56.90740487
39.6612	57.80235817
39.6732	59.31310357
39.6876	60.74433918
39.7008	61.74576339
39.7152	62.88049181
39.7296	63.82620264
39.7428	64.98158261
39.7548	66.25297183
39.768	67.42615847
39.7812	68.45003471
39.7932	69.59717699
39.8064	70.63513733
39.8196	71.64992201
39.846	72.63536315
39.8592	73.61115364
39.8712	74.92561058
39.8844	75.99082904
39.8964	77.01828802
39.9096	77.8314296
39.9228	78.75915696
39.936	79.68588228
39.9504	80.79316258
39.9612	81.66745536
39.9756	82.54690373
39.9876	83.42710954
40.0032	84.30150911
40.014	85.15522849
40.0272	86.08046218
40.0392	86.98740396
40.0536	87.98852697
40.0656	88.92064652
40.08	89.86652048
40.0932	90.71766028
40.1052	91.5639716
40.1184	92.50044754
40.1292	93.34065303
40.1436	94.36673438
40.1568	95.11332258
40.1712	96.0565778
40.1844	96.8974641
40.1976	97.81929871
40.2084	98.73269239
40.2216	99.6498037
40.2336	100.3831355
40.2468	101.2087272
40.2612	101.9332257
40.2732	102.9325892
40.2864	103.7515566
40.2972	104.6530686
40.3116	105.454266
40.3236	106.4282589
40.3368	107.1351317
40.3512	108.0962815
40.3656	108.9651084
40.3788	109.8740732
40.392	111.005058
40.4064	112.1084296
40.4184	113.5022541
40.4328	114.8471057
40.4448	116.7849352
40.4616	118.8186275
40.4736	121.0033376
40.4868	122.7588232
40.5	125.0303475
40.512	127.117975
40.5252	129.9711419
40.5384	131.8616207
40.5516	134.2116903
40.5648	136.4803261
40.5792	138.4673036
40.5924	140.1702678
40.6056	141.8272733
40.6188	144.0552467
40.632	146.0422539
40.6464	148.2264209
40.6572	150.4628673
40.6716	152.3349693
40.6836	154.6175619
40.698	156.2403303
40.71	158.211422
40.7232	160.146172
40.7352	162.2334234
40.7484	164.1084221
40.7604	165.7716352
40.7748	167.6059517
40.7868	169.4354282
40.8	171.277534
40.812	173.13319
40.8252	174.8196513
40.8504	176.314911
40.8636	178.3486326
40.8756	179.9894678
40.8888	181.9829539
40.9008	183.4230322
40.9152	185.0318718
40.926	186.4390165
40.9392	188.1641721
40.9524	189.8315564
40.9668	191.4411538
40.98	192.8396307
40.992	194.5109364
41.0052	195.7075824
41.0172	197.1878236
41.0316	198.509744
41.0448	199.8287213
41.0604	201.454031
41.0736	202.9524039
41.088	204.4769613
41.1024	206.0305887
41.1156	207.6222228
41.1288	209.5884568
41.142	210.9271408
41.1564	212.4368194
41.1696	214.1050398
41.184	215.5831437
41.1972	217.2119467
41.2092	218.5061154
41.2236	220.2946983
41.2356	221.5972988
41.25	223.3951043
41.2632	224.6973867
41.2776	226.1598348
41.2896	227.6166654
41.3028	229.2399699
41.3148	230.7057298
41.328	232.5153728
41.3436	234.3477142
41.3568	235.8632236
41.3712	237.2158424
41.3844	238.9046805
41.3988	240.5887145
41.4108	242.437553
41.424	243.9551623
41.4372	245.8158455
41.4504	247.5115569
41.4636	249.3774878
41.4756	250.7344205
41.49	252.2604464
41.502	253.6180437
41.5152	255.3121244
41.5284	256.8314306
41.544	258.1764023
41.5584	259.8667071
41.5716	261.0507707
41.5872	262.7329631
41.6004	264.2291489
41.6148	265.8725649
41.6268	267.5061364
41.64	269.134636
41.6544	270.7637213
41.6688	272.4005712
41.6844	274.0492107
41.6976	275.7064242
41.7108	277.2011449
41.7228	278.6928556
41.736	280.1824186
41.7504	281.5059037
41.7636	283.1690715
41.7792	284.6722434
41.7912	286.1840343
41.8056	287.6981668
41.8188	289.3801433
41.832	290.8861161
41.8464	292.7155325
41.8584	294.2046732
41.8716	295.8510404
41.8848	297.3272218
41.9004	298.7990956
41.9124	300.5964635
41.9268	302.2327558
41.94	303.711493
41.9532	305.027953
41.9664	306.6748874
41.9796	308.1589212
41.994	309.6554193
42.0072	311.1578154
42.0216	312.9977702
42.0336	314.4904669
42.048	316.4736102
42.0624	318.1240669
42.0756	319.7719975
42.09	321.0889846
42.1032	322.5766531
42.1176	323.9042394
42.1308	325.5737328
42.144	327.0790725
42.1584	328.7398508
42.1716	330.3939497
42.1848	332.0549739
42.198	333.7307937
42.2136	335.2502491
42.228	336.9386359
42.2412	338.6176161
42.2556	340.292062
42.2688	341.6207406
42.282	343.4429814
42.294	344.7636509
42.3084	346.4076299
42.3228	347.7135867
42.3516	349.3360801
42.3672	350.6268501
42.3828	352.2377205
42.3948	353.6881034
42.408	355.4659313
42.4224	356.7644564
42.4356	358.2297579
42.45	359.5338409
42.4632	360.8395126
42.4776	362.4825544
42.492	363.9575809
42.5064	365.7752229
42.5208	367.4232381
42.534	369.0748948
42.5484	370.5453267
42.5604	372.1651471
42.5748	373.6142018
42.588	375.2302291
42.6	376.5165959
42.6156	378.1194415
42.6288	379.7242658
42.6444	381.4946441
42.6588	396.6016122
42.672	398.6082441
42.6876	406.6374108
42.7008	412.4584051
42.7176	414.5677322
42.7296	416.1887868
42.7416	418.4547307
42.7536	425.7921901
42.7668	429.0531926
42.7812	430.6720627
42.7944	431.9556826
42.81	433.5605172
42.8232	435.1579046
42.8376	437.0693804
42.852	438.5073516
42.8688	440.1182266
42.8868	441.4068913
42.9024	442.8608734
42.9192	444.483506
42.936	445.7859349
42.954	447.261437
42.9696	448.7387563
42.984	450.7231792
43.002	452.0464051
43.0164	453.712968
43.032	454.8758837
43.0488	456.5460595
43.0644	458.0418415
43.08	459.6986037
43.0956	461.3354328
43.1112	463.2878342
43.1256	464.7393872
43.1388	466.5134059
43.152	467.7951511
43.1664	469.2409636
43.1808	470.8454641
43.1952	472.1331038
43.2072	473.747801
43.2216	474.8797826
43.2348	476.6729567
43.248	477.813552
43.2624	480.7641943
43.2756	482.4051982
43.29	483.8750481
43.3032	484.6895749
43.3176	486.4839022
43.3308	487.781076
43.344	490.6938782
43.3572	492.4710369
43.3728	493.7595967
43.3872	495.3785228
43.4004	496.9999134
43.4148	498.7922471
43.428	500.2579058
43.44	502.217894
43.4508	503.683238
43.464	505.4700747
43.4784	506.7708241
43.4916	508.5736149
43.506	510.0498709
43.5192	511.8591235
43.5336	513.6556734
43.5468	515.4451247
43.56	516.8951719
43.5732	518.6721761
43.5876	520.1245423
43.602	521.9144977
43.6164	523.5439458
43.6308	525.0124747
43.644	526.4827214
43.6584	528.2802059
43.6728	530.0781297
43.686	531.8801876
43.6992	533.5230968
43.7124	535.334392
43.7232	536.9817915
43.7388	538.1334095
43.7532	539.4459175
43.7676	592.7315756
43.7808	607.4806471
43.7952	609.4425551
43.8084	615.331975
43.8228	617.2823361
43.8372	619.3699663
43.8516	621.5976859
43.866	627.5032954
43.8792	629.6150745
43.8924	631.2411348
43.9044	633.0294109
43.9188	634.8095143
43.9308	638.2129286
43.944	639.8409054
43.9584	641.639658
43.9704	643.2723232
43.9848	645.0581955
43.9992	646.5104204
44.0136	648.2824252
44.028	650.0441796
44.0412	651.6447754
44.0556	653.2356447
44.0688	654.9834671
44.0832	656.5760141
44.0904	658.4953173
44.1024	660.0962873
44.1156	661.8642566
44.1312	663.3090446
44.1444	665.074176
44.16	666.6720746
44.1744	668.4284011
44.1852	670.089682
44.1996	671.411368
44.2104	672.2888309
44.2236	672.6304056
44.2368	672.6343328
44.2512	672.3583717
44.2656	671.8243072
44.28	671.1979914
44.2944	670.510517
44.3088	670.033152
44.3232	669.7261216
44.3376	669.6880217
44.3508	669.8075241
44.364	670.0876774
44.3772	670.3997357
44.3916	670.7945701
44.4036	670.973562
44.4168	670.8904606
44.4312	670.5455246
44.4468	670.0658372
44.46	669.3490261
44.4732	668.6998005
44.4876	668.0931414
44.5008	667.6547388
44.5152	667.3085198
44.5284	666.963512
44.5428	666.6905359
44.556	666.4635085
44.5692	666.3469467
44.5836	666.3334177
44.5968	666.3677568
44.6124	666.4786655
44.6256	666.6609133
44.64	666.9246194
44.6544	667.2084414
44.6664	667.5312129
44.682	667.7975342
44.7108	668.0452961
44.724	668.2533729
44.7372	668.4502572
44.7516	668.6260377
44.7648	668.7303418
44.7792	668.8025117
44.7924	668.8270031
44.8056	668.824926
44.82	668.8223571
44.8332	668.8216414
44.8476	668.8210457
44.8608	668.8214201
44.8752	668.8223391
44.8884	668.8233543
44.9028	668.8238866
44.9172	668.8221922
44.9304	668.8071062
44.9436	668.7607923
44.9568	668.6750287
44.9712	668.5458812
44.9868	668.4281073
45	668.3119295
